x	y
-0.712809754240307	0.312938573153426
-2.43854254683073	1.40217042499339
-2.13883745839785	1.08075827960874
-0.0338680673080553	0.0114736700084898
-2.31545511627013	1.25928669685823
-1.69375812295787	0.704491398941902
0.0291108281751682	0.0171202968004317
0.0954451917010495	0.0412994045465312
-1.95315257353296	1.37680155483224
-0.0333390238017215	0.0111210204531481
-0.740211237432327	0.477674823808373
-0.432402557914468	0.344533805057642
0.0972998679652883	0.0472696959737883
-0.0677662285788827	0.0365924258469853
-0.56371116791812	0.3646934854336
-2.49530398746481	1.47767920975803
-1.44176310233315	1.00604618283805
-1.21358634124867	0.927526300343393
-0.0130064357740281	0.00587340996451322
-0.423570165894286	0.316283675724334
-0.710417552919479	0.512325444076799
0.00925949441467162	0.00417821298802316
-1.41734535268767	1.24039589683163
-0.70935466541206	0.37839875701177
0.533211926298503	0.285102840028127
-0.953561942471552	0.604118747264022
1.15338047140471	1.43636952781039
-0.997024276162145	0.77707819688447
0.0133963202214751	0.0089028012127724
-0.757580409384162	0.492511602982058
-0.808919023437106	0.459841801798988
-1.45974456491434	0.762813923776672
-0.751751645534129	0.562052760215183
-0.294541720282195	0.138642451746308
-2.83164949489811	2.03870310194477
0.423998026355912	0.222646688466238
-0.502585132381743	0.426924017302261
-0.398656588770278	0.200530066182874
-0.211646804032141	0.0937793536687149
-1.19037324028061	0.703838185101692
0.11156177074453	0.0586973411499063
-0.610342161072283	0.410421627938765
-2.5687127812179	1.57747789667196
-1.47802577163556	1.06400553296745
0.0812053784398749	0.0476205514648732
0.204442421468416	0.11129923937603
-0.95968408515725	0.72446977115113
-0.0141400538112503	0.00639661455999036
-0.030419033128306	0.0165069222945303
-1.44496972930273	0.749505119359353
-0.47477799323677	0.321025909736998
-0.605453805984604	0.487084272368697
-1.67059024797089	0.693950439169521
0.308305420168997	0.173432433716792
0.370889831826456	0.230514278126303
-0.30855576416238	0.145906378869547
-0.371703469018881	0.157082479013318
0.154843509984712	0.0944348764965419
0.42165468158969	0.302505498757176
-0.999538010138204	0.779843239958235
-1.19740868246996	0.711602306449697
-1.39189073169257	0.951455752662567
-0.466462929568927	0.248495116178716
0.197011368668648	0.115037408106515
-0.512297328337902	0.323039694351483
-0.799735610861974	0.452941828412319
-0.95098866714693	0.815858203227276
0.539581576204529	0.288423803568774
0.238895364193567	0.150951268240165
-0.709009909880976	0.450332442321225
-0.607117133890513	0.30390059083105
-0.179030072999375	0.0965592219669863
0.0095418810070039	0.0043091843396827
0.410614118691007	0.276373479097377
-0.706576725887706	0.376583101288501
-0.547173044484282	0.261075309713564
-0.970519310161912	0.496106861539064
-0.534242220325562	0.340647022184004
-0.564848217741283	0.365819500561647
0.584328659240759	0.346213331378087
-0.803062932616916	0.456483199267016
-0.0948049770284469	0.0550785128385239
0.00535692950253028	0.00270282310887921
0.0469368185754261	0.0205656743880148
-0.437805960012338	0.195922868013246
0.68360188657769	0.335687727731575
0.509413683897142	0.269295786756159
-0.612795288710238	0.255408672598076
-1.18730718442153	0.701736127450812
-0.160958370562754	0.0604887839212984
-0.450145140516691	0.172808472708564
-0.733792193529836	0.470115759092313
0.630578956092996	0.454198440033693
-0.0494867654596	0.0216678704708336
0.573546581463305	0.404830985707367
0.859808535667718	0.831949154749619
-2.29258587967949	1.24195345387971
-1.36550196005431	0.680479663604054
-0.129620855193045	0.053587130282295
0.0368659614332538	0.0184909125225706
1.37669260500118	0.989568763651017
-1.04499233109252	0.560921767131069
-1.35833012986502	0.895990826612971
-0.469598207861445	0.211845755516462
0.482548971155035	0.282209669212893
0.400907775288566	0.231043569028669
-0.105343531165992	0.0495292531124654
0.0993249943211	0.0479864925835204
0.289594252098915	0.161622028252576
-0.0161941109196387	0.00751840589610105
0.174909155428458	0.0779599461417445
0.0798570989023174	0.0421527295104594
1.02989933700399	0.468565122919164
-0.387483437330506	0.282874988183253
0.473775129127377	0.399595625189572
0.491043788217884	0.382449285354315
0.437445147921002	0.315793632375979
-1.09645954048734	1.03476726485268
0.280609593167842	0.128071376309246
0.0523125900360867	0.0228484091500624
-0.0253719523246534	0.0114880866692117
-0.350290072325666	0.214260203121648
1.35511571155327	0.713458207114123
0.150738987184226	0.091732496871942
0.1963409256415	0.10662153666425
-0.802259859245014	0.540980330069744
1.36367297170664	1.07697883543197
0.785860528683562	0.434715502119922
-0.410153875660305	0.263387112583865
-0.612990519904929	0.411586131899746
-0.848998403283067	0.328548151341847
-3.9018934008868	1.98052125261528
-0.317997519676358	0.150576704685882
-1.02681529187777	0.684620672100229
-0.267679963272001	0.10725508783509
0.282895860493883	0.129012250156912
0.797188675001536	0.543688893653856
0.185382910794749	0.0829310012623012
0.520219870734882	0.276685887963058
-0.467353063310914	0.249124715122967
-0.772975617770828	0.638076901420348
0.38164022904891	0.219442722169792
0.55151699363932	0.413909569757737
1.36549053196529	1.29792212931919
0.668474572675893	0.4443718061751
-0.308809855320088	0.185400650744341
-0.280257291236775	0.175043709301923
-0.881682653250169	0.530995960303438
-0.218360862337129	0.0968322689593863
-0.178773335934274	0.103575433090985
0.185269494005825	0.120552983124549
0.106389482072152	0.0513427348402819
0.482587595129899	0.330967991794482
-0.398864575020408	0.170654847590367
-0.24299072040047	0.0966506412596855
1.19609620200239	1.18221711292158
0.794259153418052	0.538422803179485
-0.61619618510063	0.309572696380769
0.872987214623135	0.806864263340735
1.20960551419989	1.03347209816161
-1.36160331177614	0.677621903060379
0.0577806660573327	0.0250897094042756
0.152328964017342	0.0879620124911771
1.21129698101383	1.20225507872023
1.70948420420549	1.51150265909284
1.39251533225644	1.10995840629501
0.861542184916339	0.535477390177193
0.122271866434055	0.0479424048060459
0.16766534755823	0.074677984600362
-1.11252076538517	0.625437143278856
-0.16007218055341	0.0595461609329639
0.105659841968999	0.0411291629446342
0.115857831577378	0.0451373626426905
-0.120085318170296	0.0499048148746384
0.0619269500849232	0.0269550978362957
0.287402289606592	0.145789204932985
1.5269795179004	1.33576903169469
-0.388730938843998	0.194710977102528
-0.620559036366768	0.419736957123493
-0.28966510390939	0.13608072177913
0.214434467081834	0.0865649429738838
-0.364356624417292	0.22427414204815
0.780149273430817	0.431067774820606
0.383829818919308	0.198754364836533
1.70001153719597	1.65579845501391
0.160361777379671	0.0567126563553023
0.831862397347633	0.67123775572988
0.935237129189038	0.767925687527573
0.513726601703492	0.273375334285054
-0.599217054971773	0.248107137670156
-0.298393565350804	0.140612027166902
0.790316898900114	0.753735310498891
0.575398653729462	0.404743298442016
1.06450707629273	0.749527170326104
0.995016758397546	0.626307298748572
-0.36569307031395	0.155583277929635
1.69885418478978	2.03537981884116
0.105655091291518	0.0411732765941528
-0.0199979690889058	0.00922382388548315
0.350463471446339	0.145513729939525
0.353348087609102	0.130132054520041
-1.03347309442606	0.55248557824959
1.34105488252576	0.867813481799844
0.856523052599153	0.531293071152323
-0.121460755156422	0.0571063505435147
-0.25452222288726	0.10172021600355
-0.044616723465442	0.0196001227461394
0.749608129323114	0.409697324978939
0.922394909533878	0.638271654120592
0.828139298911984	0.413498345011937
0.717002782189214	0.314627377756984
0.995418029070728	0.625870490194752
-1.27019410746951	0.605306264699311
3.12397647517412	2.26007570477508
0.665700951514605	0.255692613710115
-0.858630285551409	0.332384960862121
-0.0293257527723175	0.00996222205952042
0.366360797835743	0.151971539943441
0.615548076338382	0.330183272549128
-0.640343111147616	0.221716481323005
-0.57904228270143	0.332401362540485
-0.144668313024663	0.054378004591365
-0.145340338923098	0.0541985614722003
-0.128166248870252	0.0528748931840061
1.59167099334904	1.16294806566536
1.06937661111618	0.753817378121104
-0.0356139136604645	0.0118070350722894
0.536159486636974	0.256672857580621
1.09622881258746	0.626986654644853
-0.00816332426717238	0.00298888905614968
-0.903650246184364	0.441686452571791
1.0173574434215	0.461929625810004
-0.629216242356609	0.217399489113315
2.03991819372447	1.67160107350481
1.57250544505491	1.14434163493036
0.154447951578921	0.0547918601259793
0.390945995321172	0.18185668995266
0.169661207711178	0.0598157366259927
1.21189803853595	0.863448547900317
0.769806041706312	0.425563892624862
-0.232940609962018	0.117889963530433
0.886350570826687	0.940437912630085
-0.609776517773798	0.410191687510061
-0.62242357193697	0.313550355554081
-0.0961623522061553	0.040020215861031
1.7850970793941	1.4497494141652
-1.12532960583731	0.636014437656169
0.374416651263882	0.232983550618824
0.469374248439393	0.300200449861841
0.399062110142962	0.229481626452094
0.166847138156878	0.102121645455987
0.335642299838197	0.138480271111563
1.05491483248217	0.809379489141363
1.53135312348051	1.21685576444296
0.715181162241927	0.433872958139811
0.179202358437752	0.0889802234154751
0.542895234352422	0.428524125743041
1.03266997694828	0.655458257525809
1.61295842390004	1.07181559030507
0.325523811549625	0.13445424805282
-0.0826119482841547	0.0257619905083094
-1.04340332674937	0.559393864775311
1.07531020357499	0.553682023507728
-0.542438061491909	0.258267879338381
0.679202540121425	0.452666686513121
0.615342035673651	0.368763638474733
1.0953744331793	0.92594662887423
0.0969464372019529	0.0381155368331002
0.875959765841339	0.546012488976209
0.509302093028665	0.242326443687213
1.33943644091152	0.702770368334992
2.25317865873474	1.50337401527498
1.04013713738826	0.663190430747512
-1.17137259146263	0.529516331270574
0.0632615086928558	0.02548042971748
-0.159118303776521	0.059826123088475
-0.622703327484599	0.259395827347482
-0.833578726224782	0.322001483922708
1.63494771043874	0.97720404500299
0.255379027838775	0.10327165424214
-0.145890562207887	0.0543834935282606
-0.210769118762975	0.0932205374663114
0.400925584222401	0.187111782617083
0.219169121872244	0.0884149583032831
0.0974371468753471	0.0382818191425344
-1.55447258405506	1.18208727013956
1.01135979746967	0.638445704064748
1.12450111218637	0.64794733907495
0.70174540031376	0.306933154537561
-0.77312055551928	0.355773396084052
0.664299859018615	0.324357139321961
1.11080837304818	0.637974562609024
0.368830189257644	0.13587552225382
0.608474691546399	0.365359214765311
0.520371162036347	0.221877528142027
0.655669035676224	0.319441900332901
-0.0350137270145881	0.0111029566967963
-0.472884545433758	0.181013805198379
-0.00150555323866494	0.000844742086496069
0.147859142412515	0.0527828017233813
0.732107565806976	0.321810498269335
0.126928352862889	0.0496988831512079
-0.465865494073399	0.248086037357589
1.06018837381584	1.0803677317538
0.694320200428325	0.46691338729877
0.827127866068484	0.619453037664539
1.18152323435009	0.835674349869516
-0.447292753777346	0.200861209560141
0.948253890856583	0.536442331708009
0.954245689149548	0.725426836532119
-0.481782086646887	0.186127805884612
-0.96617346904254	0.493470049916129
0.533733003261588	0.343936472627329
2.02765874584904	3.16397467602309
1.72353123032571	1.92479417370371
0.404555225577785	0.210343111596298
1.23587532468869	0.975638286495842
0.477659583320995	0.328283326936343
-0.56571807092584	0.438918713163632
0.0795100882287017	0.0313878756418656
0.783595970304978	0.43342565194517
0.144715496707849	0.0641727098963295
1.64035935113672	1.55296344014238
0.104418568043958	0.0503817753953955
0.337783819186345	0.139963978450633
1.17583114067855	0.754457612423928
-0.0188445557177014	0.00630537232582249
0.669361625145795	0.327060481302625
0.0857850206552903	0.0415605038186768
0.493770692054538	0.384648821381571
1.07845041519196	1.04200226621785
1.3358402208861	1.35289735852697
2.2003934407441	2.30954248183928
0.119152195459719	0.0467963751929428
0.781340614594655	0.527860414068187
0.95140630565562	0.780865913724285
1.55660392114103	1.24436412140356
-0.610002955246181	0.254130896365517
0.644985846276742	0.349444259818584
1.75931610176333	0.733095429495076
1.17495951377703	0.754101276202292
-3.38083611623188	1.48398421524339
-0.10112298514179	0.0312667414380431
-0.256320977737713	0.130797572250242
-1.45718794717218	0.75717461020799
0.730597745555819	0.445858386512977
-0.79858543234466	0.37031599708464
0.284259883863781	0.144568865822494
0.171415191954225	0.0761922145322675
0.145516421792457	0.051379437291991
0.743331825437386	0.455939983663378
-0.883932409451803	0.429832373725243
0.0804908689312386	0.0322352612396496
1.93842535488277	1.72518161004676
0.0361527602058263	0.0161894198881537
1.19130458717455	0.84269896216676
1.00186635044622	0.631363268244194
-0.802929821358552	0.373241462713715
1.35648757861751	1.28107960523626
0.749485801609854	0.632747280447042
0.519486870407498	0.362595191039042
1.31343778893842	1.31809350148125
0.716811448197709	0.435863678452018
0.284605712624608	0.129555019158993
0.106243527213017	0.0664348247201656
0.407188793957352	0.212254322837118
0.928511994125356	0.522890397058124
1.09537227142044	0.928515946763111
-0.311655155045443	0.147445634461429
0.504326610465056	0.296864650710567
1.1774859578035	0.756675987664176
2.17463432954657	1.9317491443454
0.413242926753756	0.215942892576683
1.11404201210521	1.26221318113752
1.25552515192312	1.40251180854765
0.687241554711193	0.337304828706195
0.222753425028606	0.089712532397744
1.15840132835731	0.738780657656819
1.53752956607236	1.34801562157186
0.281859239601264	0.157499258393908
0.915911400932028	0.632268270553861
0.746051031871174	0.328818554752535
0.0975029428498341	0.0380003565328439
0.308970996401731	0.188325493342821
3.02824194353105	4.62644164369866
0.278509114774247	0.141069736287455
1.48160230364764	1.40112654611324
-0.549283469830918	0.310661392190697
1.14329242270099	0.72564101253491
-0.713058647685999	0.314857431984005
1.36364108244397	0.980359407715069
1.61510311014199	0.961836833198071
0.156064687070868	0.0550981413523767
0.529871023508299	0.253444824648936
0.70794132973028	0.310093632199255
-1.85077586851557	0.834046338619485
0.219156318148977	0.0881805478193049
0.142337405311621	0.0503519322052646
-0.549792783065769	0.26244145383651
0.717044685920039	0.434488083769006
-0.496389459680599	0.192027168545126
-0.88227238861018	0.428198193664114
1.0254245322486	0.465626667756373
-0.139710158696622	0.0525530906804063
-0.874293504305289	0.338553065361424
-0.643152849171138	0.222704494473816
1.01715225358147	0.461671121876263
-0.690908954734057	0.303120631035302
0.199107647070194	0.0802249586184822
1.00301802004374	0.632904964412144
0.894526614921554	0.614991582221495
0.0917064712741921	0.0360038154373173
1.59741322765984	1.0566977314073
0.95738783627571	0.542747061491849
0.852018351642297	0.527242973219931
0.647895822728077	0.428908609209941
0.325655258220285	0.213094696683053
1.37810578977386	0.994927738886004
0.724635565857691	0.442300645972801
2.17734270115608	1.93890229453806
1.21636360807244	1.12748792893268
0.98339906814809	1.2450423598997
0.801454135639785	0.592429560487898
1.18890507956508	0.765903299680691
0.444096065828099	0.338043704628383
1.58289014408823	1.15492926220239
1.23818292225797	1.6408362722663
1.61486155546345	2.01611551885504
2.59122887328709	2.9338366039344
1.60829347404993	2.36945675256972
1.39939821151931	1.01388623011615
0.777370264717655	0.428700325620152
1.50993274856175	1.76003382428733
2.10372674037311	2.73757332198554
1.21028252655597	1.27868099588057
0.635718970319559	0.487633849824758
-0.389361245128218	0.166250187972011
1.56372169266712	1.02594650738124
2.04522409213401	1.23871372410986
0.534669631408519	0.28542381138546
0.861635786077046	0.533467856343911
0.808201165337484	0.552680791067305
0.770358349265154	0.423913197782465
0.801415795673519	0.445384896510688
0.270897742274328	0.162785487136179
-0.0880760743989187	0.0509995819614294
-0.626111800353243	0.374038698016806
0.732766290940871	0.648222638254441
0.276257439053764	0.125473897309178
1.53333634662132	1.21969343321268
0.88890540427424	0.608757950654069
1.36209203983732	1.17465031925563
0.83683866349777	0.675588066195501
0.954329457063361	0.99826181451745
2.47748123879865	2.61955032545938
1.24071096355132	1.06966666618982
0.917114334226961	0.68851967351787
1.08595030017537	1.05598069368053
0.430309103738605	0.36901022686367
1.38302147216603	1.58007132005028
-0.382649866308079	0.279240289191737
0.133845453403012	0.0952387023379952
1.42253020116221	1.54646992590065
1.23466158784204	1.56022688545222
1.91235325964657	2.44053666048134
2.02804961671068	2.48591835686965
1.14369418912769	1.24835996619736
0.612889111094797	0.366701727969965
1.37672961700972	1.09083276328861
2.08722530615476	1.53690899030921
1.04445065265589	0.799361846040301
1.63947392806593	1.70777393914317
2.66336395163508	4.49226666210322
1.64490750229443	1.71719612550647
1.56131393516171	1.25042548644365
-0.0441644528320384	0.0194824493331156
1.79997087081626	1.88955567469985
1.19661255190373	0.771640302935674
0.0715876570959964	0.0310075216979631
0.529508728102001	0.28211776772861
-0.312591916671356	0.168177394615903
-0.492193736250321	0.189669095191167
0.789640492783445	0.584120183850141
0.52167615026913	0.249123596832276
-0.052468336372068	0.0228128131968987
-0.86229728054072	0.417011929637212
1.0653008273123	0.750410149519606
0.849402022122985	0.425906803092804
-1.53167584854892	0.829908127000342
-0.223956350408816	0.0994542435128813
0.990908392113476	0.620252069871342
1.52560654566565	1.33100299119839
0.34105382289921	0.140838605665881
-0.148773693363988	0.0556271759785752
1.07007366585465	0.550588879928843
1.17525793254089	0.752532920598141
0.964180968216274	0.54785808643061
0.843560738790012	0.521450039620864
1.1621800622464	1.27623270009504
0.277600423882374	0.14060995311646
1.59017986737516	1.63386818687416
1.13999024739949	0.724149470792641
0.159276188301741	0.0709569513028579
1.56642363407883	1.26172361518376
1.54455795072734	1.23063301264639
0.745718495860482	0.728967802650491
1.21650745364132	1.12871732322109
0.476640208799847	0.305363575466913
1.31837430153302	1.32885875275538
2.29057549867747	2.97552611125897
-0.419229727127598	0.212860971047213
2.09819447535057	2.73239112683667
1.11067536146589	1.32175735072004
1.65316942874336	1.5744690902947
2.33220947969201	2.66009918357616
1.54602344211353	1.11531467917836
1.13173741530886	1.29457278376053
1.99779832210064	2.10892606621854
0.525519223325505	0.279614180113632
0.723418959837075	0.531070858747895
0.891390312229564	0.557165580074849
0.658532536926552	0.321090968827229
-1.8696422600211	0.845403659105727
-0.283454045244377	0.0998811036378141
2.29214324198199	1.54370598171483
0.294679163605238	0.134800569336125
0.877646879798475	0.547572408450442
0.954323704963433	0.540080852902671
0.380403385920916	0.283072751542912
1.23343010902083	0.973023708547849
-0.46457433418125	0.209358855763242
1.34403751568891	0.869869645971685
-0.39673029464772	0.227382437873795
1.80106330032725	1.88686880288654
0.941320987377901	0.717934675948714
-0.677979824862392	0.296306009401997
0.159885231311316	0.0710454560345777
0.529913723137779	0.282654272971817
-1.39818280949878	0.956301882171095
-0.3485758845525	0.147576002257176
0.643776042727089	0.495095573754091
0.827586512096996	0.619239333541739
2.06235056164788	1.99944557704055
2.76213642722543	2.84964230841878
1.08976313084134	0.56351278621713
1.33736162773656	1.35093630270466
0.670484355840205	0.328017585107798
0.431686770555226	0.310394373856735
0.977432491776291	0.814762495258761
1.57322664146757	1.74169500839432
0.70414604342129	0.730665334156867
1.07848379720236	0.833460635915975
0.650110476642169	0.503477803298034
0.754968607213542	0.638730211468091
1.21607776793557	1.03766645355751
1.6436057000226	0.984110152955655
-0.210019489516164	0.105281988144745
0.550758678156806	0.357274204887437
-0.0627773906679547	0.0317325192516051
-0.308031943532208	0.145461518970434
-0.889814793518483	0.433555684406604
0.450962418171455	0.286096968042736
0.69501741596608	0.5799973795395
-0.393717177922972	0.198123625915754
-1.71665448322959	1.44445745679608
-0.46265316416247	0.20860332155226
1.10107008261554	1.00470680657728
-2.00692090557512	0.963982156611215
1.5775258755049	1.75124720044881
0.357117751543151	0.203472524180798
0.834882564461247	0.575828999895356
-0.296017197121306	0.139376468246405
0.70460672212224	0.550815173825584
0.947232309821	0.721129851349336
-0.0751697370810893	0.023069873797089
1.75389222151799	1.41186155733379
0.40077389876937	0.18698755368103
-0.201575300401304	0.0891253803099605
-0.0691021446228459	0.0301432885752748
1.29804345343681	1.38681379816805
0.243671845716936	0.145060727912157
1.89508410433739	1.67277629061139
0.116587151783181	0.0614786302697092
1.36474565761469	1.18743689807031
1.91393366222364	1.68764489985501
1.05600987530176	1.01347541339697
0.822590671281603	1.15065658061468
0.434752900197775	0.37576572883329
0.564591323088023	0.515087606864977
1.06585914834747	0.889428243738617
-0.711467052722255	0.313864896010592
2.19102774380998	1.95774946271702
1.99343898435764	2.11512623665713
0.877787582872738	0.76675573641869
0.631119833869142	0.305815761281948
0.505507140948272	0.37306917355608
1.50684484561603	1.43681382562723
0.356136946349813	0.147703087587103
0.209506354674384	0.0842063065979369
1.56701657414007	1.25678903828019
-0.132272033755912	0.055010551252566
0.523513020496995	0.223322199743158
0.753411823848198	0.461850564522819
1.38512636496151	1.10104155095128
0.867130668728128	0.53882328114893
1.16824071072022	0.746693873865711
1.75939496794402	0.945019569942708
1.76423846929045	1.42499961514409
1.3707121123895	1.2973880702295
0.103233511351123	0.049803241416013
1.68236390451953	1.62811653755581
-1.38876446898864	0.696963217964023
2.82035620746815	3.69984167868688
0.421438555473296	0.220505370020604
2.17864019466379	1.93993864322193
-0.0338680673080553	0.0114736700084898
0.926267034995692	0.644427666752979
-0.267322078167577	0.106556082226855
1.59007513970187	1.05007248714877
0.186186972840322	0.108486889153067
1.21443836304281	0.952848450358579
2.32059914051914	4.00295271371805
0.358403232708216	0.148661750958251
1.23098962583887	1.05946624400173
2.12322433103038	1.57609471447772
0.180961638612886	0.089833467722425
0.726940034094963	0.609089104617056
0.6353770261726	0.458575123894057
0.969591399793067	0.861284183252866
-0.223709026016869	0.158988299901428
0.275788716229703	0.152758325681609
1.84862185678095	2.24236867243739
0.998903696851709	0.836311045140131
0.961401041410425	0.904418692480281
1.1257037972726	1.28456697062072
0.712762692804772	0.432691895007125
0.780086615339113	0.429743127829575
0.115857831577378	0.0451373626426905
-0.0229345589159966	0.0103554009945146
0.143941182038702	0.0514615240231547
0.615273706919091	0.438270683565955
2.46761188981747	2.58756506820642
1.86858824161693	1.82228375477931
-0.298243338342598	0.0888649209209968
0.542272038852278	0.351218615243146
1.02262107013005	0.649127466189321
0.530618698610464	0.25368455500857
1.23461972639155	0.973106880831556
-0.856199604550081	0.507944886661995
1.52378638699249	1.33225898727881
1.20610310094845	0.942019410206152
1.9177547805635	2.18463054010008
0.633213867519252	0.30690580761421
0.493614649183803	0.261202419645462
0.959661304594967	0.544655784647936
3.05056371433957	3.69314679519152
1.58345505839885	1.7535187577694
0.933746973275419	0.526104655573313
1.36290084177365	1.28965990904604
0.406014490446555	0.189454292990352
2.31321979790225	2.22964793125149
0.702257583424588	0.509935511790013
1.22454834417622	0.875098010952297
1.66565188000883	1.96977523689184
0.707961071022616	0.514466984900505
0.17559228449831	0.0866710876415824
0.250543083150833	0.113611901832887
1.49805573049475	1.7334104565214
0.753299087232414	0.705652316302197
1.34307153339998	1.4606822172124
2.26957151631317	1.52102674691289
0.846902013627298	0.685847216926191
0.420436187773055	0.284333045027485
0.261730429346057	0.156988859785574
2.02916384298759	1.94006047701417
1.58023955630958	1.27391624091765
1.20950602687425	0.782941871488144
1.56366345119759	1.13306269653748
0.722959038270556	0.529314401337601
0.348782094696617	0.144506310980718
1.36993989914852	0.893085774862002
1.49222466903122	1.41856053222272
-0.255604479796783	0.102325362025878
0.621727719216372	0.335488672236213
0.921382469609977	0.638431632339973
0.660117017355762	0.437930928711154
1.54617657335536	1.2373222753085
1.87650019981034	1.25324858182891
-0.301716650182378	0.106269472828941
1.10350229651526	1.00794168843505
1.17652174610125	0.753864563089087
1.08227874109125	0.767217726696136
1.72966356401306	1.93911661866353
0.61483239796559	0.330357879334215
0.712408833001707	0.51960883079571
0.119103413240118	0.0428836371164875
1.7241549132172	0.919390132730177
0.153283828646399	0.0547111354697728
1.06651232876637	0.54827089624524
3.55154185738699	1.74591014244481
-1.26938027181804	0.603659282154064
1.74115838966995	1.3962204956551
1.14022891443654	0.659557661363905
0.164215704167988	0.0732102648042512
0.393727360026964	0.183268407485403
0.200871331809372	0.0812297760447702
-0.260151453906746	0.103792437092193
-1.26922983066668	0.792984876292424
2.23978308140575	3.24568997080913
0.190326083414876	0.111037556444279
1.35676353458734	1.76583493595965
0.454881566010522	0.288254118159964
-0.379309456544429	0.189726557147599
1.79171010335315	1.87050364740018
1.36834552099308	0.98215992589622
1.34012492700321	1.59289311625261
0.990480280185396	0.941827129240698
0.267032236252936	0.12165629457018
1.18651977214911	0.838727293234486
0.529201039919019	0.34029450472582
0.127016300299147	0.0671433767398265
2.15420141516932	3.27494294692634
-0.469942503021187	0.181486116455018
2.63811259219524	2.53058009556124
-0.24235228829433	0.0968024218281266
-0.294451535272512	0.117582398421553
0.643471551646119	0.246445018834542
0.353395769531683	0.146640729367397
1.13486489693502	0.655379704035949
-0.688828045492119	0.30156128880555
-0.363359784242205	0.154430692233365
0.587387927943973	0.350293643845689
1.11540391163033	0.641623874918223
0.332968130914669	0.138172555717974
0.79805300095159	0.543343128904211
1.55230590063227	1.24313940382879
0.638138185178597	0.345002277077015
-0.0266524830953954	0.011983316718686
-0.287645228141219	0.166960402963571
0.205032100954256	0.102146551033468
0.743774230564842	0.45553245306566
0.484292354607405	0.311038043765411
1.59177792693489	1.05242590207288
0.181885540522553	0.0813068941023692
0.510787476196751	0.217686704621363
-0.00205500172157205	0.00101561004066904
-1.05008289285449	0.564518686780224
-0.820776477392709	0.381547635363842
1.44632803046544	1.47303403917117
0.226296536545922	0.0915531754959876
-0.115314916932724	0.0478013255992953
1.56589744925671	1.13707984821085
0.509397915877337	0.269695467653175
-0.103952681119231	0.0431039438393512
0.53180372547499	0.282996431455087
1.34760825347745	1.61134668091627
1.08430440328123	1.11493284413606
0.407885819685161	0.274199717533032
1.05219081657238	0.806639984656999
-0.310076725106971	0.109466005976799
-0.607754494994721	0.252354814437992
0.533700758605122	0.284321061778239
-0.47212642527058	0.182257148911725
0.803958187415276	0.398471786950032
-0.0101859430718428	0.00414347510595405
2.22158258129052	2.35278051093288
1.64988559522167	0.990082104779599
0.0477762736404034	0.0207100576520598
1.37718935487494	1.19538355992945
0.487998308651298	0.256950136993945
0.610090371621797	0.326907455844322
-0.643152849171138	0.222704494473816
0.625074321294662	0.336461244036544
1.34299913675202	0.705834239172076
-0.359399197413702	0.152175185711348
-0.00190986592440796	0.00122709621024042
0.693617043176809	0.464604897278677
0.95305083062897	0.540033391840741
0.107788810604899	0.0419654159453887
-1.15775714883291	0.662025655897885
0.396018300110519	0.184853541209633
0.225226308169748	0.0908552823954236
1.06800810614765	0.549540064644877
-0.559756993126261	0.267858482395713
1.34548979331188	0.707602507195714
-1.06117680724582	0.45073015840509
0.743906923632682	0.327885379185875
-0.453666211450986	0.174145249284496
1.6094606720816	1.06782314899553
-0.382313845473904	0.163118878881603
-1.85192380064082	0.834442636969663
1.07907383975337	0.432416030483269
0.779651559795838	0.429694807035181
0.738338916478779	0.325338494948934
0.143364200381325	0.0512109165042744
0.385827031043144	0.179493321714341
1.36465010532261	0.804737843766336
0.787708157227984	0.435713375703945
-0.34380173459463	0.145545338643081
1.60283427630516	1.06250445828236
-0.105779919293777	0.0436623104483749
1.1419852947404	0.66062082854798
0.359359681135523	0.132089800141758
-2.50356627952964	1.48624290341331
-0.152108195999713	0.0812047409535109
0.964349556816026	1.01196235160713
0.285162258957523	0.130133347874017
0.944458778673915	0.533237592954898
0.719015091448268	0.315232850507385
3.54676560858704	3.02370513332188
1.92713618687302	1.70733711231106
1.05760369954968	0.742719974986149
1.10997850876178	0.637334702739035
-0.491230198828449	0.190376055284575
0.925908005781736	0.521062393353379
0.0854384260266405	0.0334698493093029
2.43254600772213	2.52727301151872
-1.12060430988819	0.631986846435636
-0.625232624015582	0.315225937017987
-1.04923748026572	0.337110470489464
0.381318234089	0.219095201032008
-0.305431441494514	0.107699627521295
-2.02521040354625	0.974535843339212
-0.0286045319542457	0.0094564397906599
-0.287636084323512	0.101483038109435
1.4110807234085	1.02542984859673
0.219769647667806	0.088630830711159
1.38693474466961	1.00031835337355
-0.0520454541016808	0.0170634312715487
-0.460804135776867	0.177667539233237
0.746610165977097	0.408496750562702
0.52076187648143	0.221975898072746
-1.06667599918375	0.34265257322159
-0.321047074222672	0.113228056151851
0.515840059233209	0.220300077258405
0.762991409885719	0.420095659687859
2.41379297681417	1.30811049261534
-3.59917875026863	1.6842416851873
0.209722992133496	0.104535395038785
-0.172751318509464	0.0645522989314283
0.969780215112272	0.551489848355491
1.62549525520248	0.970243961161736
0.843165999553888	0.422220256607972
0.837490152654843	0.62711292007494
0.833685275088041	0.625504385821534
1.38172944768878	0.998540306765814
1.35842811466669	1.38193713987519
0.937920859546123	0.710404011352239
-0.96118184300628	0.49034884270897
-0.229605365495685	0.102046729463514
1.4040371208971	1.61546242104378
0.758680430575701	0.641610889574502
0.892756465430628	0.613437185342672
0.490460243459443	0.286829602642076
0.687839365826423	0.337985574866043
-0.0992038788204407	0.0501280238531517
0.956360480146858	0.542653066424967
1.71991603458268	0.91599400269557
-4.51618272575192	2.54521143394699
0.231066157978782	0.0726082284444526
-0.537240295979837	0.255501754325325
0.599403124002759	0.3955007734042
0.580246028334546	0.380664609013929
-0.0873911336678345	0.0440110170807581
0.874294177789844	0.544396871442852
1.39682062815921	1.01253791382169
2.00359271557346	2.11990992967509
-0.275599572121858	0.110094838204034
0.504552238879021	0.29586442312059
-0.462377420284412	0.208329837262515
0.876791362403603	0.598567166651961
1.04847930979886	0.536827206615861
-0.567799037486161	0.323320034985954
0.776028834195818	0.427861098872163
0.0538014448987025	0.0232696617347647
1.1200111735214	0.644889984035076
0.0967417417580844	0.0468947497038683
1.9314527531013	1.71824595343403
0.759186678516594	0.417471900537
0.209079166410411	0.104169611977687
1.09646194877501	0.924679263786046
1.36535748960615	0.888750656128517
1.99378397612746	2.10737073364631
-0.623165019924766	0.313622363783551
0.193740488033739	0.105001811211961
1.53594872831557	1.35148725533792
0.589800838473434	0.387098523214589
0.0170558035266403	0.00574748389949598
1.15224838850331	0.733495024595491
0.595063684251063	0.352751452098937
1.92415323917294	2.19609200458849
0.654662266830631	0.434311758995355
1.5106141628832	1.43970879714735
0.401338639088698	0.18733927831399
0.350993664448158	0.145684755642326
0.942130925020077	0.717281227167379
0.727885496722187	0.319997478237027
0.757317635955537	0.334438483601716
0.17098889395544	0.0759353827427712
2.07778681563872	2.01857725518919
4.90265935480418	3.95237290408614
0.868592248896437	0.540454452935786
0.107089454749047	0.0418860326294183
0.877567174582432	0.546106241453924
0.861733115983068	0.699104062379852
0.821931949049674	0.611920568149837
-0.272779843118632	0.108752059955826
1.2220849587307	1.13305533808915
0.625520312352452	0.478310494526825
0.324160115241279	0.223815462632135
-0.649151944524036	0.392772048664482
0.388944898515539	0.222770258061403
-0.659272636716308	0.335786208981662
1.20910691535056	0.86180915963426
0.00253776125323502	0.000791703919185975
1.13810262811142	0.65819856064165
-0.0610432713510346	0.026531285770671
1.05675648688541	0.741757364551355
1.00844484051178	0.635131331915632
0.0783458383932945	0.0380428989396424
1.34201345381471	1.35784394363102
-0.0563081793649295	0.0244045913494753
1.34789109371953	0.792123664938205
1.55866715870336	1.25076368195895
0.339319685757133	0.140493940998458
1.53929332203895	1.35360757231373
2.91473308658758	4.06853607991839
0.816409740099418	0.608738134290785
2.12838567680461	2.79619434357641
0.393085738636105	0.203009521438901
1.98760965105799	1.18885060413515
0.751551790082421	0.596506878924763
1.21303930382969	0.864881862501306
-0.139152644694258	0.0656125808975112
-0.0897739796622144	0.0276965145543263
0.738744630803169	0.325416914774937
0.536015730707873	0.229728480147474
-0.236607276293039	0.105276808794073
1.07214157539325	0.552105402069476
2.0011787561533	2.11623851532717
0.1410368900643	0.0498163634548341
1.39524924961591	1.00910701783481
0.677690328122969	0.331747916692536
-0.357718530395306	0.151436393453276
-0.382313845473904	0.163118878881603
1.06047669473248	0.745268139543773
1.56529077801437	1.13451059327127
1.82172580491349	1.34340169075255
-0.0142834234054339	0.00682647633635264
-0.0134358949818053	0.00617961462179968
1.24726147937932	1.08218147252717
0.673915911747043	0.448026285499732
0.162466791186719	0.0718678745315745
0.753931021397811	0.462774978686399
-0.969423820048324	0.494973938919762
1.56465280357145	1.25460654375817
0.365671691633446	0.169484206249225
0.39218621042089	0.202524019225663
0.369570878851826	0.171995346587965
0.00350072215033787	0.00161340961647675
-0.894999925200878	0.436050050462873
0.89488075366088	0.613196141041507
0.550178290908286	0.412234132086514
0.271098086849583	0.136921543086981
-0.489764263883376	0.359099220316665
0.584369148585858	0.347563542124528
0.46253866879546	0.26849619194848
1.06493401874167	0.821863568731755
1.45066400134358	1.59216483362373
-0.550461582338285	0.311404292404625
-0.027912284718691	0.0125622333948729
0.515563219449689	0.245598133736573
-0.736076647069542	0.396818931148778
-1.08840131807947	0.591534809949674
1.04524384213874	1.00124709119118
1.09202441361613	0.846359784867178
0.271560506980079	0.123153961175678
-2.31443205751908	1.25246795871857
0.16925941791757	0.0596772677498716
0.507040742520999	0.269408804805994
-1.28073874732016	0.612932397505298
0.180776253094942	0.0890024760178466
1.60359282516632	0.952432628355471
0.241366534324748	0.0755825326900533
-0.220801549821741	0.0977883387161219
0.379166355189143	0.157593135200915
-0.45469330475368	0.204383791315486
-0.470700844765668	0.182127234389503
0.092681895025395	0.036626474592958
-0.872075258731841	0.422822067097178
1.58526396508898	1.27987067175353
0.804745262395458	0.834627699111122
0.720027814540417	0.436752243447905
0.181087850005665	0.10514729868803
1.35078003876304	1.27475848017349
1.05754693202893	0.811416693679743
0.811599580396417	0.557291009353022
0.479920760238946	0.281026253154325
-0.46254302168723	0.245791640584848
0.43137427126511	0.271228740823846
1.2273429156355	0.967910955674686
1.75157849517797	1.97584709489254
1.23297729639573	1.0611779977565
0.979111436266701	0.814143852286425
1.2359169619066	1.0663211704628
-4.14388836659071	2.19900597096196
0.937574759061449	0.71295814087391
0.530956301337174	0.2270349451383
0.802655223942474	0.446884682943446
-1.6188863815019	0.915380919745103
0.0966593042945447	0.0378471472683178
1.36961651264996	1.29675180414632
0.0869098135226279	0.037643669688745
0.545761283274487	0.380185439008352
0.478784505492788	0.279033861356301
0.178618711873346	0.0794779034103715
-0.0691158713864332	0.0220053125226578
-0.563543102143045	0.270112655349168
0.422444399153872	0.221595931794982
-0.521904297972457	0.246945479824624
-1.03897689696525	0.440354514199836
0.387429366226955	0.180892224074828
-0.00380002430779182	0.00171752600128997
-0.856633717062169	0.332185041155004
-1.10557897630118	0.619818590724159
-0.880236826676184	0.428179084185713
2.29721065743613	1.85953760047393
0.0282791692899344	0.0129095362734501
2.10746700234435	2.06590621137256
-0.470551309968423	0.212421034638617
-4.44733838244405	2.4631569505236
-0.403351315653609	0.232306196852882
0.0657918611796817	0.0285931560355035
-2.56221028191199	1.56974498956446
1.1229702691652	0.64733164519189
0.822779240823799	0.564816077412174
0.400374676553832	0.208490242885487
2.09765903398144	1.5476340387173
0.115965866222576	0.0561223365242058
-1.43557264227386	0.744527965223577
-0.779881513698468	0.359663198736672
-0.480302478862084	0.184934361604624
0.0134526312496746	0.0037584592131789
0.339025183207706	0.140805986070376
1.8953793697486	1.27133523455148
-0.557786510791833	0.266613992572369
-0.367404691194656	0.156355345461707
-0.337459046026938	0.142362899760684
-0.341349678576324	0.144279246798229
-2.50380631309902	1.48478951457203
0.44191351038276	0.279466963531856
0.881567740598723	0.550656853259542
0.40846736112763	0.213619815836474
1.27488011741947	1.35099401895644
-0.822024557050448	0.704928181277779
-0.448351719385436	0.201087098896008
-0.457894999437762	0.243022683773766
0.383276046591222	0.178846759063643
-1.03262066224086	0.5516271117218
1.01607422622429	0.641407521819698
-1.05592314880618	0.568536614199833
0.914767749721044	0.632200062184366
0.0876962354951678	0.034726605427931
0.260865940518408	0.156246341795505
0.870710342091244	0.541678395362167
-0.87155725157744	0.519912644124913
-1.80398149828646	1.15250073165758
0.301140072968058	0.15351602380246
0.874949622316706	0.545597569137248
-1.29017087343135	0.810124651674522
0.140782118371256	0.0626969320298941
-0.465452526473991	0.247274246172491
0.489658082995925	0.314047815561827
0.574128467388365	0.375206593248738
-0.24525934950558	0.097818802676921
0.613223370630043	0.439206989742006
0.257955744708896	0.1896026696544
0.556693420864507	0.442911546021757
-0.289828563212093	0.154570552650625
0.101317081946669	0.0568872673680375
-0.698944342620766	0.554041232860559
-0.784393647609926	0.526446529659024
0.21332343026184	0.147139398821997
0.439989268952282	0.278249873406765
-1.0161868458437	0.675024129057121
-0.788042733279994	0.528795945904282
0.737737690014539	0.450809354822749
-0.711990811252733	0.567840066729372
0.455903487956548	0.28937391595659
-0.924903361242791	0.685061248843095
-0.33941535722195	0.206749787449867
0.751323249544101	0.596210836890455
-0.257486643546634	0.115105314812156
-0.738491806149596	0.547499082687425
0.0265413612687784	0.0132643936407873
0.777053330564247	0.663462448396667
-0.371325066625129	0.15800548723468
-0.820439852590861	0.558898602802812
1.57268843579959	1.26586428044952
-0.355531283993945	0.255163824576087
0.899889590522273	0.793318535539567
1.79435236346401	1.87538939782476
-0.562963765622975	0.364159638513975
1.06531654044003	1.29750122441875
0.511853532617023	0.355664065927343
-0.148906449906924	0.0852328226534567
0.922196008518509	0.639794235600192
0.369926572479709	0.171111888225189
1.41280727704432	1.13239219785883
-0.847470062972044	0.585497083356255
0.254385841429945	0.11575182682773
-0.536224698873237	0.374271412154246
-0.0168469301676315	0.00768627323209328
-1.08762249506311	0.761925443295407
0.276863164083595	0.166769445710067
-0.00660342800435848	0.00356655863154014
0.637402256304941	0.520309130305647
0.818282412886652	0.655043007599011
-1.33001182372942	0.869366720223649
-0.530524366891905	0.251736874376021
0.296221513765116	0.150720883653516
-0.552061200829802	0.263394946455312
-1.43048442066081	1.24336647258951
1.07006593108802	0.75613354818091
-0.656379674344035	0.398090584690106
1.03045072768533	0.653671495749301
1.02951686094818	0.717347618854338
-0.383369490691003	0.218352720184647
0.698957469123458	0.646813537098819
0.190467726686161	0.0950174783647837
0.190647274616076	0.103319425272056
0.523356368697782	0.278553525479978
0.196446175207773	0.106820647703508
0.629398907097454	0.45273124049094
0.207365940605917	0.103055813799398
0.684635378784527	0.336311625864357
1.07639516760341	0.833758812438863
1.18242117962341	0.833489076066846
0.647431133555505	0.351358389184843
0.882364800694893	0.55127181915065
-0.196900866842017	0.0869160318703527
-0.605263328766411	0.350282006675801
-0.121229316476171	0.0570121086008047
0.819762105196026	0.701161592389682
2.16121824710152	1.91262144330768
1.06320209585266	0.82214917723498
1.40242329159748	1.8607554511065
-0.317456931452306	0.150317598460467
-0.0354319928606177	0.0204712859846305
-0.849088219645657	0.596694367344498
-0.474686635702989	0.370014712382003
0.659007720445373	0.320933710093463
0.17299209212332	0.093565161704325
1.58960386120954	1.16113396285927
0.502158467793641	0.347126570832257
0.411061446695055	0.214770186859177
-0.385707045055683	0.281826624849526
0.405306671542527	0.210757424468493
0.175056501759799	0.0948952455650083
0.100227668870188	0.0484363496538323
-0.250332454404709	0.142854055119137
0.0120536660489104	0.00547394647594393
0.560618004610561	0.446020076394073
0.599971372708506	0.427059145737304
-0.48059349764895	0.257100618952522
0.331254281808586	0.297964829439103
