group	fill	colour
1	#FDFBFB	#FFFFFF
2	#FEFDFD	#FFFFFF
3	#DDD8EC	#FEFEFE
4	#DDD9ED	#FDFDFD
5	#EDEBF5	#FEFEFE
6	#FBF5F4	#FFFFFF
7	#FEFDFD	#FFFFFF
8	#FEFCFC	#FFFFFF
9	#FBFAFD	#FFFFFF
10	#F8EEED	#FFFFFF
11	#EBD4D0	#FDFDFD
12	#FBF6F5	#FFFFFF
13	#FBFAFD	#FFFFFF
14	#FBFAFD	#FFFFFF
15	#DEDAED	#FEFEFE
16	#A79DCF	#FBFBFB
17	#CBC5E3	#FDFDFD
18	#EDEBF5	#FEFEFE
19	#D5CFE8	#FDFDFD
20	#C6BFE0	#FCFCFC
21	#FAF9FC	#FFFFFF
22	#F0DCDA	#FEFEFE
23	#FBF6F5	#FFFFFF
24	#FEFDFD	#FFFFFF
25	#DED9ED	#FEFEFE
26	#EEECF6	#FFFFFF
27	#EFECF6	#FFFFFF
28	#E4E1F1	#FEFEFE
29	#EEECF6	#FFFFFF
30	#F7F5FA	#FFFFFF
31	#DED9ED	#FEFEFE
32	#F4E6E4	#FEFEFE
33	#F9F8FC	#FFFFFF
34	#F8EEED	#FFFFFF
35	#FAF9FC	#FFFFFF
36	#E8E4F2	#FEFEFE
37	#F8EEED	#FFFFFF
38	#EFECF6	#FEFEFE
39	#F5F4FA	#FFFFFF
40	#DBD7EC	#FEFEFE
41	#F9F2F1	#FFFFFF
42	#E4E1F1	#FEFEFE
43	#CBC5E3	#FDFDFD
44	#CF9E97	#FCFCFC
45	#F1DFDD	#FEFEFE
46	#EBE8F4	#FEFEFE
47	#EAE7F3	#FEFEFE
48	#F6EAE8	#FEFEFE
49	#F1E0DE	#FEFEFE
50	#FEFDFD	#FFFFFF
52	#F1E0DD	#FEFEFE
53	#EEECF6	#FEFEFE
54	#FFFEFE	#FFFFFF
55	#F5F3FA	#FFFFFF
56	#FEFEFE	#FFFFFF
57	#F9F8FC	#FFFFFF
58	#F4E5E3	#FEFEFE
59	#E8CDCA	#FDFDFD
60	#D4A6A0	#FCFCFC
61	#C68E87	#FBFBFB
62	#F7ECEA	#FEFEFE
63	#FBF6F5	#FFFFFF
64	#F9F1F0	#FFFFFF
65	#F5F4FA	#FFFFFF
66	#EAE7F4	#FEFEFE
67	#ECEAF5	#FEFEFE
68	#ECD5D2	#FEFEFE
69	#F7EEEC	#FFFFFF
70	#FEFDFD	#FFFFFF
71	#FBF7F6	#FFFFFF
72	#F4E5E3	#FEFEFE
73	#EFECF6	#FEFEFE
74	#F0DDDA	#FEFEFE
75	#D0CAE6	#FCFCFC
76	#F7ECEB	#FFFFFF
77	#FAF9FC	#FFFFFF
78	#F1E0DE	#FEFEFE
79	#F6F5FA	#FFFFFF
80	#FAF4F3	#FFFFFF
81	#ECD5D2	#FEFEFE
82	#D5D0E8	#FDFDFD
83	#FBF7F6	#FFFFFF
84	#FAFAFC	#FFFFFF
85	#C3BBDE	#FDFDFD
86	#E7CAC6	#FDFDFD
87	#FBFBFD	#FFFFFF
88	#D4CEE7	#FDFDFD
89	#D4CFE8	#FEFEFE
90	#EBD4D0	#FEFEFE
91	#FBFAFD	#FFFFFF
92	#F8EEED	#FFFFFF
93	#F9F8FC	#FFFFFF
94	#E1BEB9	#FEFEFE
95	#F8EEED	#FFFFFF
97	#DEDAED	#FCFCFC
98	#EBD2CF	#FDFDFD
99	#EDEBF5	#FEFEFE
100	#EAE7F4	#FEFEFE
101	#FEFDFC	#FFFFFF
102	#E4C4C0	#FDFDFD
103	#FBF6F5	#FFFFFF
104	#E5E2F1	#FEFEFE
105	#EDEAF5	#FEFEFE
106	#F0EEF7	#FEFEFE
107	#EAD0CD	#FDFDFD
108	#EAE7F4	#FEFEFE
109	#C9928C	#FBFBFB
110	#FEFCFC	#FFFFFF
111	#F3E5E3	#FEFEFE
112	#EED9D6	#FEFEFE
113	#FAF4F3	#FFFFFF
114	#E9CECB	#FEFEFE
115	#F9F1F0	#FEFEFE
116	#F8EEED	#FFFFFF
117	#D8D3EA	#FDFDFD
118	#DDD8EC	#FEFEFE
119	#C0B9DD	#FBFBFB
120	#D4CFE8	#FDFDFD
121	#F9F8FC	#FFFFFF
122	#FAFAFC	#FFFFFF
123	#F2E1DF	#FEFEFE
124	#FEFDFD	#FFFFFF
125	#FBFBFD	#FFFFFF
126	#F7F5FB	#FFFFFF
127	#FBF7F6	#FFFFFF
128	#F7EDEB	#FFFFFF
129	#F7EDEC	#FFFFFF
130	#E5E1F1	#FEFEFE
131	#F6F4FA	#FFFFFF
132	#FBFBFD	#FFFFFF
133	#F7EDEC	#FFFFFF
134	#D5CFE8	#FEFEFE
135	#EEECF6	#FFFFFF
136	#FAF9FC	#FFFFFF
137	#FDFAFA	#FFFFFF
138	#F8EEED	#FFFFFF
139	#FBF7F6	#FFFFFF
140	#D9B0AA	#FDFDFD
141	#FEFCFC	#FFFFFF
142	#F8EEED	#FFFFFF
143	#F1DFDD	#FEFEFE
144	#AEA5D3	#FCFCFC
145	#F9F9FC	#FFFFFF
146	#E8E5F3	#FEFEFE
147	#F7EDEC	#FEFEFE
148	#D3CEE7	#FDFDFD
149	#EEECF6	#FEFEFE
150	#F2E1DF	#FEFEFE
151	#F2E1DE	#FEFEFE
153	#DDD8EC	#FEFEFE
154	#FDFBFB	#FFFFFF
155	#D3A49F	#FCFCFC
156	#F9F8FC	#FFFFFF
157	#FEFDFD	#FFFFFF
158	#F6F4FA	#FFFFFF
159	#E5E1F1	#FEFEFE
160	#F1DFDD	#FEFEFE
161	#D9AFAA	#FDFDFD
162	#E6C8C4	#FDFDFD
163	#FCF7F7	#FFFFFF
164	#FDFAFA	#FFFFFF
165	#E1DDEF	#FDFDFD
166	#FBF6F5	#FFFFFF
167	#FAF9FC	#FFFFFF
168	#EEECF6	#FFFFFF
169	#F8EEED	#FFFFFF
170	#FAF9FC	#FFFFFF
171	#D3A59F	#FCFCFC
172	#FBF6F6	#FFFFFF
173	#D4CEE7	#FDFDFD
174	#FAFAFC	#FFFFFF
175	#AFA6D3	#FCFCFC
176	#EDD6D3	#FEFEFE
177	#D5CFE8	#FEFEFE
178	#FAF9FC	#FFFFFF
179	#EFEDF6	#FEFEFE
180	#B7AFD8	#FDFDFD
181	#EBD4D0	#FEFEFE
182	#D9B0AB	#FDFDFD
183	#E9E5F3	#FEFEFE
184	#F1E0DE	#FEFEFE
185	#DDD8EC	#FEFEFE
186	#F1DFDD	#FEFEFE
187	#FEFCFC	#FFFFFF
188	#EFEDF6	#FEFEFE
189	#DBD6EC	#FEFEFE
190	#F9F8FC	#FFFFFF
191	#ECD5D2	#FEFEFE
192	#E1BEB9	#FEFEFE
193	#EAE7F3	#FEFEFE
194	#FAFAFD	#FFFFFF
195	#F9F9FC	#FFFFFF
196	#F6F5FA	#FFFFFF
198	#CEC7E4	#FCFCFC
199	#FCF7F7	#FFFFFF
200	#D8D3EA	#FDFDFD
201	#F3E5E3	#FEFEFE
202	#ECD5D2	#FEFEFE
203	#FBF6F6	#FFFFFF
204	#E8E5F3	#FEFEFE
205	#FEFCFB	#FFFFFF
206	#E2DEEF	#FDFDFD
207	#F6EAE9	#FEFEFE
208	#DED9ED	#FEFEFE
209	#F7ECEB	#FFFFFF
210	#DEDAED	#FEFEFE
211	#D1CBE6	#FCFCFC
212	#CF9D97	#FCFCFC
213	#E8E5F3	#FEFEFE
214	#FAFAFC	#FFFFFF
215	#F1E0DE	#FEFEFE
216	#EFECF6	#FFFFFF
217	#FBF6F6	#FFFFFF
218	#E8E5F3	#FEFEFE
219	#FBF7F6	#FFFFFF
220	#DDD8EC	#FEFEFE
221	#DEDAED	#FDFDFD
222	#ECD6D3	#FEFEFE
223	#EFEDF6	#FEFEFE
224	#ECD4D1	#FEFEFE
225	#E1BEBA	#FEFEFE
226	#DDD8ED	#FEFEFE
227	#E4C4C0	#FDFDFD
228	#FBF6F6	#FFFFFF
229	#E6E2F1	#FEFEFE
230	#F8EEED	#FFFFFF
231	#E9E5F3	#FEFEFE
232	#F7ECEB	#FFFFFF
233	#EBD4D0	#FEFEFE
234	#FBF6F5	#FFFFFF
235	#FAF9FC	#FFFFFF
236	#F8EEED	#FFFFFF
237	#F9F8FC	#FFFFFF
238	#E6E2F1	#FEFEFE
239	#E4E1F0	#FEFEFE
240	#F6F5FA	#FFFFFF
241	#ECEAF5	#FEFEFE
242	#E7E4F2	#FEFEFE
243	#FAF4F3	#FFFFFF
244	#D1CBE6	#FCFCFC
245	#E5E1F1	#FEFEFE
246	#F8EFED	#FFFFFF
247	#F1DFDC	#FEFEFE
248	#E9CECB	#FEFEFE
249	#F9F1F0	#FFFFFF
250	#E6E2F1	#FEFEFE
251	#F9F1F0	#FFFFFF
252	#FBFBFD	#FFFFFF
254	#EEEBF6	#FEFEFE
255	#F8F7FB	#FFFFFF
256	#F4E6E4	#FEFEFE
257	#D8D2EA	#FDFDFD
258	#D3CEE7	#FDFDFD
259	#EEECF6	#FFFFFF
260	#FBF7F6	#FFFFFF
261	#FBFAFD	#FFFFFF
262	#C4BDDF	#FCFCFC
263	#F3E4E2	#FEFEFE
264	#F6F4FA	#FFFFFF
265	#FEFDFD	#FFFFFF
266	#EEECF6	#FFFFFF
267	#D4CEE7	#FDFDFD
268	#FAFAFC	#FFFFFF
269	#ECD5D2	#FEFEFE
270	#F2F0F8	#FFFFFF
271	#FBF6F5	#FFFFFF
272	#F8EFED	#FFFFFF
273	#EFECF6	#FEFEFE
274	#FEFDFD	#FFFFFF
275	#D3CDE7	#FDFDFD
276	#F1E0DD	#FEFEFE
277	#FAF9FC	#FFFFFF
278	#EFECF6	#FEFEFE
279	#FBFAFD	#FFFFFF
280	#D5CFE8	#FEFEFE
281	#C3BBDE	#FDFDFD
282	#E4E0F0	#FEFEFE
283	#FBFBFD	#FFFFFF
284	#FAF9FC	#FFFFFF
285	#CBC5E3	#FDFDFD
286	#FBFAFD	#FFFFFF
287	#F1E0DE	#FEFEFE
288	#FBF6F5	#FFFFFF
289	#ECD5D2	#FEFEFE
290	#F6F5FA	#FFFFFF
291	#FFFFFF	#FFFFFF
292	#E1BEBA	#FEFEFE
293	#F6F5FA	#FFFFFF
294	#DCD8EC	#FEFEFE
295	#D4CEE8	#FEFEFE
296	#F0DDDA	#FEFEFE
297	#D5CFE8	#FEFEFE
299	#FBF6F5	#FFFFFF
300	#F2E3E1	#FEFEFE
301	#F2F0F8	#FFFFFF
302	#EDEAF5	#FEFEFE
303	#DDD8ED	#FEFEFE
304	#FDFAFA	#FFFFFF
305	#D7D1E9	#FDFDFD
306	#F7EDEB	#FFFFFF
307	#F8EEED	#FFFFFF
308	#FAF9FC	#FFFFFF
309	#FFFFFF	#FFFFFF
310	#D4CEE8	#FDFDFD
311	#DDD8ED	#FDFDFD
312	#DCD7EC	#FEFEFE
313	#D8D3EA	#FDFDFD
314	#F7EDEB	#FFFFFF
315	#C3BBDE	#FDFDFD
316	#E8E5F3	#FEFEFE
317	#FBF6F6	#FFFFFF
318	#E4E0F0	#FEFEFE
319	#F1E0DE	#FEFEFE
320	#F4E5E3	#FEFEFE
321	#E6E3F2	#FEFEFE
322	#FBF7F6	#FFFFFF
323	#ECD6D3	#FEFEFE
324	#FAFAFD	#FFFFFF
325	#F8EEED	#FFFFFF
326	#FBF6F5	#FFFFFF
327	#F8EEED	#FFFFFF
328	#F8EEED	#FFFFFF
329	#FEFDFD	#FFFFFF
330	#EEEBF6	#FFFFFF
331	#D5CFE8	#FEFEFE
332	#AFA6D3	#FCFCFC
333	#E3C3BF	#FDFDFD
334	#FBFAFD	#FFFFFF
335	#FAF9FC	#FFFFFF
336	#E1BEBA	#FEFEFE
337	#F9F8FC	#FFFFFF
338	#E6C8C5	#FDFDFD
339	#E4E0F0	#FEFEFE
340	#E8E5F3	#FEFEFE
341	#DDD8EC	#FEFEFE
342	#EED9D7	#FEFEFE
343	#EFEDF6	#FEFEFE
344	#E4E1F1	#FEFEFE
345	#D3CDE7	#FDFDFD
346	#FFFEFE	#FFFFFF
347	#E6E2F1	#FEFEFE
348	#FBFAFD	#FFFFFF
349	#F5E9E8	#FEFEFE
350	#FFFEFE	#FFFFFF
351	#D5D0E8	#FCFCFC
352	#B7AFD8	#FBFBFB
353	#D3CEE7	#FDFDFD
355	#C6BFE0	#FCFCFC
356	#DBD6EB	#FEFEFE
357	#F7EDEB	#FFFFFF
358	#EEECF6	#FEFEFE
359	#E5E1F1	#FEFEFE
360	#E4E0F0	#FEFEFE
361	#DDD8ED	#FEFEFE
362	#D7D2E9	#FDFDFD
363	#DDD9ED	#FDFDFD
364	#FBF6F5	#FFFFFF
365	#ECD5D1	#FEFEFE
366	#FAF9FC	#FFFFFF
367	#CBC5E3	#FDFDFD
368	#D6D1E9	#FDFDFD
369	#F1DFDD	#FEFEFE
370	#D9B0AA	#FDFDFD
371	#CF9D97	#FCFCFC
372	#EBD4D0	#FEFEFE
373	#D9B0AA	#FDFDFD
374	#CCC5E3	#FDFDFD
375	#ECD5D2	#FEFEFE
376	#EFEDF6	#FEFEFE
377	#C3BBDE	#FDFDFD
378	#AFA6D3	#FCFCFC
379	#F8EEED	#FFFFFF
380	#CBC4E3	#FDFDFD
381	#F8EFED	#FFFFFF
382	#FAF9FC	#FFFFFF
383	#E8E5F3	#FEFEFE
384	#CC9790	#FCFCFC
385	#ECD5D2	#FEFEFE
386	#FBF5F4	#FFFFFF
387	#DDD8ED	#FEFEFE
388	#F3F1F8	#FFFFFF
389	#F6F4FA	#FFFFFF
390	#FBFAFD	#FFFFFF
391	#F8EEED	#FFFFFF
392	#EFEDF6	#FEFEFE
393	#FAFAFD	#FFFFFF
394	#E3C3BF	#FDFDFD
395	#F9F8FC	#FFFFFF
396	#EFECF6	#FEFEFE
397	#FFFFFF	#FFFFFF
398	#EFDCD9	#FEFEFE
400	#EBE8F4	#FEFEFE
401	#EAE7F4	#FEFEFE
402	#C6BEE0	#FAFAFA
403	#E4E0F0	#FEFEFE
404	#EDEAF5	#FEFEFE
405	#F7EDEC	#FFFFFF
406	#FCFCFE	#FFFFFF
407	#E6E3F1	#FEFEFE
408	#D4CEE7	#FDFDFD
409	#F4E5E3	#FEFEFE
410	#B1A8D5	#FAFAFA
411	#EFEDF7	#FFFFFF
412	#C68E87	#FBFBFB
413	#E6E2F1	#FEFEFE
414	#B0A7D4	#F8F8F8
415	#DDD8EC	#FEFEFE
416	#DDD8EC	#FEFEFE
417	#F8EEED	#FFFFFF
418	#CC9790	#FCFCFC
419	#F9F2F1	#FFFFFF
420	#E7E3F2	#FEFEFE
421	#DDD8EC	#FEFEFE
422	#EFECF6	#FFFFFF
423	#F3E5E3	#FEFEFE
424	#F7EDEB	#FFFFFF
425	#E9E6F3	#FEFEFE
426	#FBF6F5	#FFFFFF
428	#D5CFE8	#FEFEFE
429	#B7AFD8	#FDFDFD
430	#EFECF6	#FFFFFF
431	#F1DFDD	#FEFEFE
432	#EEECF6	#FFFFFF
433	#E8E5F3	#FEFEFE
434	#EBD4D0	#FEFEFE
435	#B7AFD8	#FDFDFD
436	#EBD4D0	#FEFEFE
437	#F1E0DD	#FEFEFE
438	#FAF9FC	#FFFFFF
439	#FAF9FC	#FFFFFF
440	#FAF9FC	#FFFFFF
441	#A197CC	#FBFBFB
442	#CBC5E3	#FDFDFD
443	#F9F8FC	#FFFFFF
444	#C4BDDF	#FCFCFC
445	#F1DEDC	#FEFEFE
446	#F7EDEB	#FFFFFF
447	#F2F0F8	#FEFEFE
448	#F9F8FC	#FFFFFF
449	#FBF6F5	#FFFFFF
450	#FCFBFD	#FFFFFF
451	#F6F4FA	#FFFFFF
452	#FEFCFC	#FFFFFF
453	#C9C2E2	#FBFBFB
454	#FBFAFD	#FFFFFF
456	#D7D1E9	#FDFDFD
457	#B7AFD8	#FDFDFD
458	#F6F5FA	#FFFFFF
459	#BBB3DA	#F9F9F9
460	#D5CFE8	#FDFDFD
461	#D4CFE8	#FEFEFE
462	#B7AFD8	#FDFDFD
463	#F6F5FA	#FFFFFF
464	#DDD9ED	#FDFDFD
465	#E5E1F1	#FEFEFE
466	#E9E5F3	#FEFEFE
467	#F1DFDD	#FEFEFE
468	#FCFCFE	#FFFFFF
469	#FBF6F6	#FFFFFF
470	#FAF9FC	#FFFFFF
471	#F6EBEA	#FFFFFF
472	#E4E1F1	#FEFEFE
473	#D9B0AB	#FDFDFD
474	#F6EAE8	#FEFEFE
475	#FAF9FC	#FFFFFF
477	#F8EEED	#FFFFFF
478	#FAF9FC	#FFFFFF
479	#E4E0F0	#FEFEFE
480	#FBFAFD	#FFFFFF
481	#EEECF6	#FFFFFF
482	#D5CFE8	#FEFEFE
484	#E5E1F1	#FEFEFE
485	#F8EFED	#FFFFFF
486	#CBC5E3	#FDFDFD
487	#DDD8ED	#FEFEFE
488	#F8EEED	#FFFFFF
489	#A79DCF	#FBFBFB
490	#F6F5FA	#FFFFFF
491	#F7ECEB	#FFFFFF
492	#DCD7EC	#FEFEFE
493	#FAFAFD	#FFFFFF
494	#E6C8C5	#FDFDFD
495	#FBFAFD	#FFFFFF
496	#E8E4F2	#FEFEFE
497	#F4E6E4	#FEFEFE
498	#F9F1F0	#FFFFFF
499	#EBD4D0	#FEFEFE
501	#E9E6F3	#FEFEFE
502	#F5E7E6	#FEFEFE
503	#F6F5FA	#FFFFFF
504	#DED9ED	#FEFEFE
505	#F6F4FA	#FFFFFF
506	#F3E4E2	#FEFEFE
507	#ECD5D2	#FEFEFE
508	#D3CDE7	#FDFDFD
509	#C4BDDF	#FCFCFC
510	#FEFDFD	#FFFFFF
511	#DDD8EC	#FEFEFE
512	#EDEBF5	#FEFEFE
513	#F7F6FB	#FFFFFF
514	#F1E0DD	#FEFEFE
515	#FAF9FC	#FFFFFF
516	#F9F9FC	#FFFFFF
517	#E8E5F3	#FEFEFE
518	#E4E0F0	#FEFEFE
519	#F7EDEC	#FEFEFE
520	#FBFAFD	#FFFFFF
521	#D4A5A0	#FCFCFC
522	#F5E8E6	#FEFEFE
523	#A197CC	#FBFBFB
524	#CCC5E3	#FDFDFD
525	#D9AFAA	#FDFDFD
526	#FBFBFD	#FFFFFF
527	#DDD8ED	#FEFEFE
529	#F8EEED	#FFFFFF
530	#FAF9FC	#FFFFFF
531	#DDD8ED	#FEFEFE
532	#EAE7F4	#FEFEFE
533	#F6F5FA	#FFFFFF
534	#FBFBFD	#FFFFFF
535	#E1BEB9	#FEFEFE
536	#EBD3D0	#FEFEFE
537	#CC9791	#FCFCFC
538	#E1BEBA	#FEFEFE
539	#D5CFE8	#FEFEFE
540	#FBF6F5	#FFFFFF
541	#F9F8FC	#FFFFFF
542	#E9E5F3	#FEFEFE
543	#FBF6F5	#FFFFFF
544	#EEECF6	#FFFFFF
545	#F6F5FA	#FFFFFF
546	#EBD3D0	#FDFDFD
547	#F8EEED	#FFFFFF
548	#E8E4F2	#FEFEFE
549	#FEFCFC	#FFFFFF
550	#F1E0DE	#FEFEFE
551	#FFFFFF	#FFFFFF
552	#F7F6FB	#FFFFFF
553	#FAF9FC	#FFFFFF
554	#FBF6F6	#FFFFFF
555	#F0DDDA	#FEFEFE
557	#D3CDE7	#FCFCFC
558	#F9F2F1	#FFFFFF
559	#C8C1E1	#FCFCFC
560	#FEFDFD	#FFFFFF
561	#EDEAF5	#FEFEFE
562	#D4CEE8	#FDFDFD
563	#D3CEE7	#FDFDFD
564	#ECEAF5	#FEFEFE
565	#E8CDCA	#FEFEFE
566	#FEFDFD	#FFFFFF
567	#ECD5D3	#FEFEFE
568	#D3A59F	#FCFCFC
569	#A79ECF	#FBFBFB
570	#F4E6E4	#FEFEFE
571	#F8EEED	#FFFFFF
572	#EEECF6	#FFFFFF
573	#F9F2F1	#FFFFFF
574	#D4CEE8	#FDFDFD
575	#F8EEED	#FFFFFF
576	#D9B0AA	#FDFDFD
577	#AEA5D3	#FCFCFC
578	#EFDCD9	#FEFEFE
579	#E4E0F0	#FEFEFE
580	#F8EEED	#FFFFFF
581	#C3BBDE	#FDFDFD
582	#FBFAFD	#FFFFFF
583	#E1BEB9	#FEFEFE
584	#FAF9FC	#FFFFFF
585	#E9E5F3	#FEFEFE
586	#FAF9FC	#FFFFFF
587	#F6F4FA	#FFFFFF
588	#FAF9FC	#FFFFFF
589	#AFA6D3	#FCFCFC
590	#ECD5D2	#FEFEFE
591	#F5F4FA	#FFFFFF
592	#FEFDFD	#FFFFFF
593	#FBF6F6	#FFFFFF
594	#E9E5F3	#FEFEFE
595	#F7ECEB	#FFFFFF
596	#FAF9FC	#FFFFFF
597	#E5E1F1	#FEFEFE
598	#F1DFDD	#FEFEFE
599	#FCFCFD	#FFFFFF
600	#E4E1F1	#FEFEFE
602	#F7ECEB	#FFFFFF
603	#E8E5F3	#FEFEFE
604	#ECD5D2	#FEFEFE
605	#DCD7EC	#FEFEFE
606	#F2F1F8	#FFFFFF
607	#F6F5FA	#FFFFFF
608	#DED9ED	#FDFDFD
609	#E9E6F3	#FEFEFE
610	#C7C0E1	#FCFCFC
611	#EAE7F4	#FEFEFE
612	#FBF6F5	#FFFFFF
613	#E8E5F3	#FEFEFE
614	#F1E0DE	#FEFEFE
615	#CCC5E3	#FDFDFD
616	#E4E0F0	#FEFEFE
617	#DDD9ED	#FEFEFE
618	#ECD5D2	#FEFEFE
619	#FBF6F6	#FFFFFF
620	#E7E4F2	#FEFEFE
621	#F4E5E3	#FEFEFE
622	#F7EDEB	#FFFFFF
623	#F5F4FA	#FFFFFF
624	#F8EEED	#FFFFFF
625	#D3CDE7	#FDFDFD
626	#F7EDEC	#FFFFFF
627	#C3BBDE	#FDFDFD
628	#ECD6D3	#FEFEFE
629	#C3BBDE	#FDFDFD
630	#E1BEBA	#FEFEFE
631	#FEFDFD	#FFFFFF
632	#D9B0AB	#FDFDFD
633	#C3BBDE	#FDFDFD
634	#F9F9FC	#FFFFFF
635	#F8EEED	#FFFFFF
636	#B7AFD8	#FDFDFD
637	#FAF9FC	#FFFFFF
638	#D9B0AB	#FDFDFD
639	#EFEDF6	#FEFEFE
640	#FBF6F5	#FFFFFF
641	#C3BBDE	#FDFDFD
642	#EEECF6	#FEFEFE
643	#E8CDCA	#FEFEFE
644	#F8EEED	#FFFFFF
645	#DCD7EC	#FEFEFE
646	#E6E3F2	#FEFEFE
647	#CC9791	#FCFCFC
648	#F8EEED	#FFFFFF
649	#F4E6E4	#FEFEFE
650	#D5CFE8	#FEFEFE
651	#FAF9FC	#FFFFFF
652	#F9F8FC	#FFFFFF
653	#DCD8EC	#FEFEFE
654	#F7F5FA	#FFFFFF
655	#ECE9F5	#FEFEFE
656	#FEFCFC	#FFFFFF
658	#F1DFDD	#FEFEFE
659	#E8CECA	#FEFEFE
660	#E3E0F0	#FEFEFE
661	#F6F4FA	#FFFFFF
662	#D9B0AB	#FDFDFD
663	#CBC4E3	#FDFDFD
664	#EEEBF6	#FFFFFF
665	#ECD5D2	#FEFEFE
666	#F9F8FC	#FFFFFF
667	#FAF9FC	#FFFFFF
668	#F9F0EF	#FFFFFF
669	#FBF6F6	#FFFFFF
670	#F0DCDA	#FEFEFE
671	#EFECF6	#FFFFFF
672	#FFFFFF	#FFFFFF
673	#DDD8EC	#FEFEFE
674	#FBF5F5	#FFFFFF
675	#EDEBF5	#FEFEFE
676	#C3BBDE	#FDFDFD
677	#DDD8EC	#FEFEFE
678	#FBF6F5	#FFFFFF
679	#FAFAFC	#FFFFFF
680	#C3BBDE	#FDFDFD
681	#F8EEEC	#FFFFFF
682	#CBC5E3	#FDFDFD
684	#F9F1F0	#FFFFFF
685	#A197CC	#FBFBFB
686	#F8EEED	#FFFFFF
687	#ECD5D2	#FEFEFE
688	#FAF9FC	#FFFFFF
689	#EBD4D0	#FEFEFE
690	#FFFFFF	#FFFFFF
691	#AFA6D3	#FCFCFC
692	#D7D2E9	#FDFDFD
693	#EFEDF7	#FFFFFF
694	#FAF9FC	#FFFFFF
695	#FBFAFD	#FFFFFF
696	#EBD4D0	#FEFEFE
697	#DDD9ED	#FDFDFD
698	#F4E6E4	#FEFEFE
699	#F2F1F8	#FFFFFF
700	#C3BBDE	#FDFDFD
701	#D4CEE7	#FDFDFD
703	#FBF6F5	#FFFFFF
704	#D4CEE7	#FDFDFD
705	#FAF9FC	#FFFFFF
706	#FEFDFC	#FFFFFF
707	#FFFEFE	#FFFFFF
708	#DDD8EC	#FEFEFE
709	#C3BBDE	#FDFDFD
710	#F8EEED	#FFFFFF
711	#E3DFF0	#FEFEFE
712	#DFDAED	#FDFDFD
713	#E9CECB	#FEFEFE
714	#FEFEFE	#FFFFFF
715	#E8E5F3	#FEFEFE
716	#E9E6F3	#FEFEFE
717	#ECD5D2	#FEFEFE
718	#E9E6F3	#FEFEFE
719	#F2E1DF	#FEFEFE
720	#EAE7F4	#FEFEFE
721	#FBF6F5	#FFFFFF
722	#F2F1F8	#FFFFFF
723	#CBC4E3	#FDFDFD
724	#F8EEEC	#FFFFFF
725	#AFA6D3	#FCFCFC
726	#FEFDFD	#FFFFFF
727	#F1E0DE	#FEFEFE
728	#EFEDF6	#FEFEFE
729	#DDD9ED	#FEFEFE
730	#EBD4D0	#FEFEFE
731	#E8E5F3	#FEFEFE
732	#F3E5E3	#FEFEFE
733	#F8EEED	#FFFFFF
734	#F1E0DE	#FEFEFE
736	#FBFAFD	#FFFFFF
737	#FAF9FC	#FFFFFF
738	#F1DFDD	#FEFEFE
739	#EDEBF5	#FEFEFE
740	#FAF9FC	#FFFFFF
741	#F8EEED	#FFFFFF
742	#F8EEED	#FFFFFF
743	#DCD8EC	#FEFEFE
744	#E6C8C4	#FDFDFD
745	#DDD8EC	#FEFEFE
746	#CCC5E3	#FDFDFD
747	#E8E5F3	#FEFEFE
748	#C1B9DD	#FBFBFB
749	#FEFDFD	#FFFFFF
750	#ECD5D2	#FEFEFE
751	#C8C1E1	#FCFCFC
752	#FBF6F6	#FFFFFF
753	#DBD7EC	#FEFEFE
754	#E5E1F1	#FEFEFE
755	#FBFAFD	#FFFFFF
756	#D3CEE7	#FCFCFC
757	#D8D3EA	#FDFDFD
759	#EFECF6	#FEFEFE
760	#E9E5F3	#FEFEFE
761	#EFEDF7	#FFFFFF
762	#D8D3EA	#FDFDFD
763	#E8E5F2	#FEFEFE
764	#F9F1F0	#FFFFFF
765	#FAF9FC	#FFFFFF
766	#E8E5F3	#FEFEFE
767	#FAF9FC	#FFFFFF
768	#CF9D97	#FCFCFC
769	#EEECF6	#FFFFFF
770	#FBF6F5	#FFFFFF
771	#CCC5E3	#FDFDFD
772	#DBD6EC	#FEFEFE
773	#F1DFDD	#FEFEFE
774	#BEB6DC	#FCFCFC
775	#E9E6F3	#FEFEFE
776	#F8EEED	#FFFFFF
777	#F8EEED	#FFFFFF
778	#DDD8EC	#FEFEFE
779	#F7F5FA	#FFFFFF
780	#FBFBFD	#FFFFFF
781	#DDD8ED	#FEFEFE
782	#AEA5D3	#FCFCFC
783	#AFA6D3	#FCFCFC
784	#FBF6F5	#FFFFFF
785	#E1BEB9	#FEFEFE
786	#D5CFE8	#FEFEFE
787	#FBF6F5	#FFFFFF
788	#EFECF6	#FFFFFF
789	#EFEDF6	#FEFEFE
790	#F1E0DD	#FEFEFE
791	#E9E5F3	#FEFEFE
792	#FCFBFD	#FFFFFF
793	#F7F5FA	#FFFFFF
794	#DDD8EC	#FEFEFE
795	#EBD4D0	#FEFEFE
796	#FBFAFD	#FFFFFF
797	#C3BBDE	#FDFDFD
798	#F2E1DE	#FEFEFE
799	#FBFAFD	#FFFFFF
800	#FAF9FC	#FFFFFF
801	#F1DFDD	#FEFEFE
802	#D9B0AA	#FDFDFD
804	#F9F8FC	#FFFFFF
805	#FBFBFD	#FFFFFF
806	#E5E1F1	#FEFEFE
807	#FBFBFD	#FFFFFF
808	#FBF6F5	#FFFFFF
809	#F2F1F8	#FFFFFF
810	#E6E2F1	#FEFEFE
811	#E5E2F1	#FEFEFE
812	#F6F5FA	#FFFFFF
813	#A49ACD	#F8F8F8
814	#F7F6FB	#FFFFFF
815	#EFEDF6	#FEFEFE
816	#DBD6EC	#FEFEFE
817	#C3BBDE	#FDFDFD
818	#D3CEE7	#FDFDFD
819	#FBFBFD	#FFFFFF
820	#F7EDEB	#FFFFFF
821	#DDD8EC	#FEFEFE
822	#F5F4FA	#FFFFFF
823	#E5E1F1	#FEFEFE
824	#FAFAFD	#FFFFFF
825	#FAF9FC	#FFFFFF
826	#EBD4D0	#FEFEFE
827	#EFECF6	#FEFEFE
828	#E4E0F0	#FEFEFE
829	#FBF6F5	#FFFFFF
830	#FAF9FC	#FFFFFF
831	#F8EEED	#FFFFFF
832	#DFBCB7	#FCFCFC
833	#EFDCD9	#FEFEFE
834	#E8E5F3	#FEFEFE
835	#B7AFD8	#FDFDFD
836	#FAFAFD	#FFFFFF
837	#F1E0DD	#FEFEFE
838	#EEECF6	#FEFEFE
839	#F8EEED	#FFFFFF
841	#DDD8EC	#FEFEFE
842	#E1BEBA	#FEFEFE
843	#E6E2F1	#FEFEFE
844	#FBF6F5	#FFFFFF
845	#F8EEED	#FFFFFF
847	#EFDCD9	#FEFEFE
848	#F9F1F0	#FFFFFF
849	#EFECF6	#FEFEFE
850	#F2E1DF	#FEFEFE
851	#F9F1F0	#FFFFFF
852	#FBF7F6	#FFFFFF
853	#ECD5D2	#FEFEFE
854	#DCD7EC	#FEFEFE
855	#F2F0F8	#FFFFFF
856	#EFEDF6	#FEFEFE
857	#EFECF6	#FEFEFE
858	#E2C0BC	#FDFDFD
860	#DDD8EC	#FEFEFE
861	#F2F0F8	#FFFFFF
862	#F6F5FA	#FFFFFF
863	#C3BBDE	#FDFDFD
864	#D8D3EA	#FDFDFD
865	#E5E1F1	#FEFEFE
866	#D9AFAA	#FDFDFD
867	#DDD9ED	#FDFDFD
868	#D4CEE7	#FDFDFD
869	#EFECF6	#FFFFFF
870	#F1E0DE	#FEFEFE
871	#CBC5E3	#FDFDFD
872	#D4CEE7	#FDFDFD
873	#EEECF6	#FEFEFE
874	#F1DFDD	#FEFEFE
875	#FAFAFC	#FFFFFF
876	#D4A59F	#FCFCFC
877	#AFA6D3	#FCFCFC
878	#FAF9FC	#FFFFFF
879	#E8E5F3	#FEFEFE
880	#DCD8EC	#FEFEFE
881	#F1DFDD	#FEFEFE
882	#CCC5E3	#FDFDFD
883	#FFFEFE	#FFFFFF
884	#EBD4D0	#FEFEFE
885	#F1DFDD	#FEFEFE
886	#FAF9FC	#FFFFFF
888	#F1DFDD	#FEFEFE
889	#DCD8EC	#FEFEFE
890	#FBFAFD	#FFFFFF
891	#D4CFE8	#FEFEFE
892	#E1BEB9	#FEFEFE
893	#E5E2F1	#FEFEFE
894	#FEFDFD	#FFFFFF
895	#EEECF6	#FFFFFF
896	#EFECF6	#FEFEFE
897	#EEECF6	#FFFFFF
898	#F7EDEB	#FFFFFF
899	#E6C8C4	#FDFDFD
900	#F4E6E4	#FEFEFE
901	#FAF9FC	#FFFFFF
902	#F5F3F9	#FFFFFF
903	#EEECF6	#FFFFFF
905	#F9F2F1	#FFFFFF
906	#E4E1F1	#FEFEFE
907	#F1E0DE	#FEFEFE
908	#DCD7EC	#FEFEFE
909	#CBC4E3	#FCFCFC
910	#D9B0AB	#FDFDFD
911	#EAE7F3	#FEFEFE
912	#F2F0F8	#FFFFFF
913	#E8E5F3	#FEFEFE
914	#F9F8FC	#FFFFFF
915	#E6E3F1	#FEFEFE
916	#D4CEE8	#FEFEFE
917	#F6F4FA	#FFFFFF
918	#E4E0F0	#FEFEFE
919	#EFEDF6	#FEFEFE
920	#F8EEED	#FFFFFF
921	#FEFDFD	#FFFFFF
922	#C3BBDE	#FDFDFD
923	#DCD8EC	#FEFEFE
924	#F6F5FA	#FFFFFF
925	#E4E0F0	#FEFEFE
926	#F1E0DD	#FEFEFE
927	#EFEDF6	#FEFEFE
928	#E1BEBA	#FEFEFE
929	#FBF6F6	#FFFFFF
930	#EBD4D0	#FEFEFE
931	#D4CEE8	#FDFDFD
932	#D4CFE8	#FEFEFE
933	#FAFAFC	#FFFFFF
934	#DCD7EC	#FEFEFE
935	#E6C8C5	#FDFDFD
936	#F8EEED	#FFFFFF
938	#E8E5F3	#FEFEFE
939	#ECD5D3	#FEFEFE
940	#FBFAFD	#FFFFFF
941	#C9928B	#FBFBFB
942	#AFA5D3	#FCFCFC
943	#FAF9FC	#FFFFFF
944	#B7AFD8	#FDFDFD
945	#F1DFDD	#FEFEFE
946	#DCD8EC	#FEFEFE
947	#D9B0AB	#FDFDFD
948	#DDD8EC	#FEFEFE
949	#F7ECEB	#FFFFFF
951	#A79ECF	#FBFBFB
952	#D4A6A0	#FCFCFC
953	#F2E1DE	#FEFEFE
954	#FBF7F6	#FFFFFF
955	#E6E3F1	#FEFEFE
956	#FAF9FC	#FFFFFF
957	#FBFAFD	#FFFFFF
958	#D9D3EA	#FDFDFD
959	#F6F5FA	#FFFFFF
961	#E3DFF0	#FEFEFE
962	#E1DDEF	#FDFDFD
963	#DFDAED	#FEFEFE
964	#F5E7E6	#FEFEFE
965	#FEFDFD	#FFFFFF
966	#F1DFDD	#FEFEFE
967	#DDD8EC	#FEFEFE
968	#E8E5F3	#FEFEFE
969	#FBF6F6	#FFFFFF
970	#CBC5E3	#FDFDFD
971	#FBF5F5	#FFFFFF
972	#F8EEED	#FFFFFF
973	#E9CECA	#FEFEFE
974	#E8E5F3	#FEFEFE
975	#E1BEBA	#FEFEFE
976	#F1DFDD	#FEFEFE
977	#AFA5D3	#FCFCFC
978	#D4CEE8	#FEFEFE
979	#F8EEED	#FFFFFF
980	#EBD4D0	#FEFEFE
981	#E4E1F1	#FEFEFE
982	#C3BBDE	#FDFDFD
983	#FBFAFD	#FFFFFF
984	#EFEDF7	#FFFFFF
985	#D5CFE8	#FEFEFE
986	#D4A59F	#FCFCFC
987	#D5CFE8	#FEFEFE
988	#E6E3F1	#FEFEFE
989	#F1E0DD	#FEFEFE
990	#FCFBFD	#FFFFFF
992	#F7EDEB	#FFFFFF
993	#F8EEED	#FFFFFF
994	#C3BBDE	#FDFDFD
995	#F4E6E4	#FEFEFE
996	#EEEBF6	#FFFFFF
997	#ECD5D2	#FEFEFE
998	#CDC7E4	#FDFDFD
999	#CBC5E3	#FDFDFD
1000	#C48A83	#FBFBFB
1001	#E8CECA	#FEFEFE
1002	#EDEBF5	#FEFEFE
1004	#DDD8ED	#FEFEFE
1006	#E4E1F1	#FEFEFE
1007	#D3CEE7	#FDFDFD
1008	#CF9D97	#FCFCFC
1009	#FBF7F6	#FFFFFF
1010	#F1E0DE	#FEFEFE
1011	#FBF6F5	#FFFFFF
1012	#D4CEE8	#FDFDFD
1013	#F6F5FA	#FFFFFF
1014	#D4CEE7	#FDFDFD
1015	#F6EAE9	#FEFEFE
1016	#FFFFFF	#FFFFFF
1017	#E1BEBA	#FEFEFE
1018	#F9F1F0	#FFFFFF
1019	#E5E1F1	#FEFEFE
1020	#FBF6F5	#FFFFFF
1021	#F1E1DE	#FEFEFE
1022	#F7EDEC	#FFFFFF
1023	#D4CEE7	#FDFDFD
1024	#E8E4F2	#FEFEFE
1025	#E1BEBA	#FEFEFE
1026	#E5E2F1	#FEFEFE
1027	#F7ECEB	#FFFFFF
1028	#D3A59F	#FCFCFC
1029	#B7AFD8	#FDFDFD
1030	#EBD3D0	#FEFEFE
1031	#F1E0DD	#FEFEFE
1032	#C4BDDF	#FCFCFC
1033	#F1E0DD	#FEFEFE
1034	#E1BEB9	#FEFEFE
1035	#F8EFED	#FFFFFF
1036	#F8EEED	#FFFFFF
1037	#FAF9FC	#FFFFFF
1038	#FAFAFC	#FFFFFF
1039	#D5CFE8	#FEFEFE
1040	#D9B0AA	#FDFDFD
1041	#EEECF6	#FFFFFF
1042	#ECD5D2	#FEFEFE
1043	#FAF9FC	#FFFFFF
1044	#D4CFE8	#FEFEFE
1045	#CCC6E3	#FDFDFD
1046	#F7ECEB	#FFFFFF
1047	#FAF9FC	#FFFFFF
1048	#FBFBFD	#FFFFFF
1049	#F7EDEB	#FFFFFF
1050	#F1E0DD	#FEFEFE
1051	#B7AFD8	#FDFDFD
1052	#E9CECB	#FEFEFE
1053	#F6F4FA	#FFFFFF
1054	#ECD4D1	#FEFEFE
1055	#ECEAF5	#FEFEFE
1056	#DCD8EC	#FEFEFE
1057	#F1E0DE	#FEFEFE
1058	#FCF7F6	#FFFFFF
1059	#E4C4C0	#FDFDFD
1060	#DDD8ED	#FDFDFD
1062	#FBFAFD	#FFFFFF
1063	#E1BEBA	#FEFEFE
1064	#DFDAED	#FEFEFE
1065	#E9E5F3	#FEFEFE
1066	#F9F8FC	#FFFFFF
1067	#F1DFDD	#FEFEFE
1068	#DCD8EC	#FEFEFE
1069	#FEFDFC	#FFFFFF
1070	#E5E1F1	#FEFEFE
1071	#E9CECA	#FEFEFE
1072	#FAF9FC	#FFFFFF
1073	#C3BBDE	#FDFDFD
1074	#D3CDE7	#FCFCFC
1075	#FAF9FC	#FFFFFF
1076	#C3BBDE	#FDFDFD
1077	#E5E1F1	#FEFEFE
1078	#FBFAFD	#FFFFFF
1079	#F7ECEB	#FFFFFF
1080	#FAF9FC	#FFFFFF
1081	#FAF9FC	#FFFFFF
1082	#F9F8FC	#FFFFFF
1083	#FBFBFD	#FFFFFF
1084	#D4CFE8	#FEFEFE
1085	#DED9ED	#FDFDFD
1086	#F8EEED	#FFFFFF
1087	#E9E5F3	#FEFEFE
1088	#FAF9FC	#FFFFFF
1089	#F4E5E4	#FEFEFE
1090	#FAF9FC	#FFFFFF
1091	#B7AFD8	#FDFDFD
1092	#FAF9FC	#FFFFFF
1093	#C3BBDE	#FDFDFD
1094	#C5BDDF	#FCFCFC
1095	#FAFAFC	#FFFFFF
1096	#DDD8EC	#FEFEFE
1097	#F1E0DE	#FEFEFE
1098	#FAF9FC	#FFFFFF
1099	#E9E6F3	#FEFEFE
1100	#E1BEBA	#FEFEFE
1101	#EFEDF7	#FEFEFE
1102	#FAF9FC	#FFFFFF
1103	#F4E6E4	#FEFEFE
1104	#FAFAFD	#FFFFFF
1105	#E8CDCA	#FEFEFE
1107	#D7D2E9	#FDFDFD
1108	#E3DFF0	#FEFEFE
1109	#FBF6F6	#FFFFFF
1110	#E4E1F1	#FEFEFE
1111	#F3F1F8	#FFFFFF
1112	#EEECF6	#FEFEFE
1113	#E4E0F0	#FEFEFE
1114	#F9F1F0	#FFFFFF
1115	#F6F5FA	#FFFFFF
1116	#F0DCDA	#FEFEFE
1117	#F6F4FA	#FFFFFF
1118	#C5BDDF	#FCFCFC
1119	#BDB5DB	#FCFCFC
1120	#EBE8F4	#FEFEFE
1121	#F6EAE8	#FEFEFE
1122	#F1DFDC	#FEFEFE
1123	#FAF9FC	#FFFFFF
1124	#F9F1F0	#FFFFFF
1125	#C7C0E1	#FCFCFC
1126	#D9AFAA	#FDFDFD
1127	#D5CFE8	#FEFEFE
1128	#D5CFE8	#FEFEFE
1129	#F9F9FC	#FFFFFF
1130	#EBD4D0	#FEFEFE
1131	#FBF5F5	#FFFFFF
1132	#FBF6F5	#FFFFFF
1133	#F1DFDD	#FEFEFE
1134	#E8E5F3	#FEFEFE
1135	#E9E6F3	#FEFEFE
1136	#FBFAFD	#FFFFFF
1137	#F8EEED	#FFFFFF
1139	#E1BEB9	#FEFEFE
1140	#EEEBF6	#FFFFFF
1141	#CBC5E3	#FDFDFD
1142	#EBD4D0	#FEFEFE
1143	#EBD4D0	#FEFEFE
1144	#E6E2F1	#FEFEFE
1145	#EDEBF5	#FEFEFE
1146	#F7EDEC	#FFFFFF
1147	#C5BDDF	#FCFCFC
1148	#D9B0AB	#FDFDFD
1149	#FBFAFD	#FFFFFF
1150	#E8CECA	#FEFEFE
1151	#E9E5F3	#FEFEFE
1152	#FAF9FC	#FFFFFF
1153	#FBF6F5	#FFFFFF
1154	#AEA5D3	#FCFCFC
1155	#EAE7F4	#FEFEFE
1156	#F9F2F1	#FFFFFF
1157	#FCF7F7	#FFFFFF
1158	#DDD8EC	#FEFEFE
1159	#FBF6F6	#FFFFFF
1160	#FBF6F5	#FFFFFF
1161	#F1E0DE	#FEFEFE
1163	#EEECF6	#FEFEFE
1164	#FBF6F5	#FFFFFF
1165	#EFEDF6	#FEFEFE
1166	#DDD9ED	#FDFDFD
1167	#EFECF6	#FEFEFE
1168	#FDFBFB	#FFFFFF
1169	#FFFFFF	#FFFFFF
1170	#E5E1F1	#FEFEFE
1171	#F9F9FC	#FFFFFF
1172	#FDFBFB	#FFFFFF
1173	#F4E5E4	#FEFEFE
1174	#F3F1F8	#FEFEFE
1175	#FAF4F3	#FFFFFF
1176	#DDD8ED	#FEFEFE
1177	#FEFDFD	#FFFFFF
1178	#E1BEBA	#FEFEFE
1179	#FBF6F5	#FFFFFF
1180	#D1CBE6	#FCFCFC
1181	#EFECF6	#FFFFFF
1182	#D4CEE7	#FDFDFD
1183	#EFECF6	#FFFFFF
1184	#F4E5E4	#FEFEFE
1185	#F4E6E4	#FEFEFE
1186	#F7EEEC	#FFFFFF
1187	#E5E1F1	#FEFEFE
1188	#F1E0DE	#FEFEFE
1189	#AFA5D3	#FCFCFC
1190	#F2F0F8	#FFFFFF
1191	#EFEDF6	#FEFEFE
1192	#E1BEBA	#FEFEFE
1193	#F8EEED	#FFFFFF
1194	#FBFAFD	#FFFFFF
1195	#EBD4D0	#FEFEFE
1196	#FEFCFC	#FFFFFF
1197	#FCFBFD	#FFFFFF
1198	#DCD7EC	#FEFEFE
1199	#FBFAFD	#FFFFFF
1201	#F6F5FA	#FFFFFF
1202	#CC9791	#FCFCFC
1203	#F5F4FA	#FFFFFF
1204	#FAF9FC	#FFFFFF
1205	#F8EEED	#FFFFFF
1206	#E4E1F1	#FEFEFE
1208	#F6F4FA	#FFFFFF
1209	#FCFBFD	#FFFFFF
1210	#EDEAF5	#FEFEFE
1211	#F5E9E8	#FEFEFE
1212	#FAF9FC	#FFFFFF
1213	#FCFBFD	#FFFFFF
1214	#FAF9FC	#FFFFFF
1215	#F2F1F8	#FFFFFF
1216	#FBFBFD	#FFFFFF
1217	#EBE8F4	#FEFEFE
1218	#FCF8F7	#FFFFFF
1219	#D9B0AB	#FDFDFD
1220	#FEFDFC	#FFFFFF
1221	#F9F8FC	#FFFFFF
1222	#FFFEFE	#FFFFFF
1223	#F8EEED	#FFFFFF
1224	#FAFAFD	#FFFFFF
1225	#EEECF6	#FFFFFF
1226	#FAF9FC	#FFFFFF
1227	#EDEAF5	#FEFEFE
1228	#FBF6F5	#FFFFFF
1229	#FBF7F6	#FFFFFF
1230	#DDD8ED	#FEFEFE
1231	#FCFCFE	#FFFFFF
1232	#F7ECEB	#FFFFFF
1233	#FEFDFD	#FFFFFF
1234	#E4C4C0	#FDFDFD
1235	#E8CECA	#FEFEFE
1236	#EEECF6	#FFFFFF
1237	#E4E0F0	#FEFEFE
1238	#FAF9FC	#FFFFFF
1239	#F2F0F8	#FFFFFF
1240	#C5BDDF	#FCFCFC
1241	#D3CEE7	#FDFDFD
1242	#F5F4FA	#FFFFFF
1243	#FBF7F6	#FFFFFF
1244	#FEFDFD	#FFFFFF
1245	#B7AFD8	#FDFDFD
1246	#F8EFED	#FFFFFF
1247	#E8CDCA	#FEFEFE
1248	#F7EDEC	#FEFEFE
1249	#FBFAFD	#FFFFFF
1250	#F4E6E4	#FEFEFE
1251	#F1F0F8	#FFFFFF
1252	#FAFAFC	#FFFFFF
1253	#F7EDEB	#FFFFFF
1254	#E4C4C0	#FDFDFD
1255	#D4A5A0	#FCFCFC
1256	#F7EDEB	#FFFFFF
1257	#D3CDE7	#FDFDFD
1258	#EFDCDA	#FEFEFE
1259	#F1DFDD	#FEFEFE
1260	#DEDAED	#FEFEFE
1261	#F7F5FA	#FFFFFF
1262	#E5E1F1	#FEFEFE
1264	#ECEAF5	#FEFEFE
1265	#F2F0F8	#FFFFFF
1266	#FBF7F6	#FFFFFF
1267	#F7EDEB	#FFFFFF
1268	#FBF6F6	#FFFFFF
1269	#ECD6D3	#FEFEFE
1270	#CB9790	#FCFCFC
1271	#F9F1F0	#FFFFFF
1272	#E9CECB	#FEFEFE
1273	#FAF9FC	#FFFFFF
1274	#F7EDEB	#FFFFFF
1275	#D4CEE8	#FDFDFD
1276	#DDD9ED	#FEFEFE
1277	#EBD4D0	#FEFEFE
1278	#EFDCD9	#FEFEFE
1279	#E1BEBA	#FEFEFE
1280	#D4CFE8	#FEFEFE
1281	#EEECF6	#FFFFFF
1282	#B7AFD8	#FDFDFD
1283	#D9AFAA	#FDFDFD
1284	#EBD4D0	#FEFEFE
1285	#CCC5E3	#FDFDFD
1286	#F7EDEC	#FFFFFF
1287	#C5BDDF	#FCFCFC
1288	#D5CFE8	#FEFEFE
1289	#F8EEED	#FFFFFF
1290	#FAF9FC	#FFFFFF
1291	#E6E2F1	#FEFEFE
1292	#E9E6F3	#FEFEFE
1293	#FBFAFD	#FFFFFF
1294	#FBFAFD	#FFFFFF
1295	#C3BBDE	#FDFDFD
1296	#A096CB	#FBFBFB
1297	#F6F5FA	#FFFFFF
1298	#FEFEFD	#FFFFFF
1299	#E6E2F1	#FEFEFE
1300	#FBF6F6	#FFFFFF
1301	#ECD5D2	#FEFEFE
1302	#B7AFD8	#FDFDFD
1303	#FEFDFD	#FFFFFF
1304	#F8EEED	#FFFFFF
1305	#E8E5F3	#FEFEFE
1306	#F7EDEC	#FFFFFF
1307	#D4CEE8	#FDFDFD
1309	#D3CEE7	#FDFDFD
1310	#E9E6F3	#FEFEFE
1311	#E5E2F1	#FEFEFE
1312	#ECD5D2	#FEFEFE
1313	#EED9D6	#FEFEFE
1314	#FBFAFD	#FFFFFF
1315	#DBD7EC	#FEFEFE
1316	#DDD8EC	#FEFEFE
1317	#FBFAFD	#FFFFFF
1318	#F6EAE9	#FEFEFE
1319	#FBFAFD	#FFFFFF
1320	#E3C3BF	#FDFDFD
1321	#F8EEED	#FFFFFF
1322	#CCC6E4	#FCFCFC
1323	#F4E5E3	#FEFEFE
1324	#C3BBDE	#FDFDFD
1325	#D9B0AB	#FDFDFD
1326	#C3BBDE	#FDFDFD
1327	#E4E0F0	#FEFEFE
1328	#FBF6F5	#FFFFFF
1329	#EEECF6	#FFFFFF
1330	#DDD9ED	#FEFEFE
1331	#EBD4D0	#FEFEFE
1332	#CBC5E3	#FDFDFD
1333	#E4E0F0	#FEFEFE
1334	#D9B0AA	#FDFDFD
1335	#FAF9FC	#FFFFFF
1336	#FAF9FC	#FFFFFF
1337	#F1E0DD	#FEFEFE
1338	#F7ECEB	#FFFFFF
1339	#A79DCF	#FBFBFB
1340	#D5CFE8	#FEFEFE
1341	#FEFDFD	#FFFFFF
1342	#D4CFE8	#FEFEFE
1343	#D4CEE8	#FDFDFD
1344	#B7AFD8	#FDFDFD
1345	#FAF9FC	#FFFFFF
1346	#E8E5F3	#FEFEFE
1347	#F1E0DD	#FEFEFE
1348	#F9F8FC	#FFFFFF
1349	#E5E1F1	#FEFEFE
1350	#D5CFE8	#FEFEFE
1351	#F6F5FA	#FFFFFF
1352	#E4E0F0	#FEFEFE
1353	#D4CFE8	#FEFEFE
1354	#F6F4FA	#FFFFFF
1355	#ECD5D2	#FEFEFE
1356	#FAFAFC	#FFFFFF
1357	#E8CDCA	#FEFEFE
1358	#C5BEDF	#FCFCFC
1359	#FBFAFD	#FFFFFF
1360	#F9F9FC	#FFFFFF
1361	#BDB5DB	#FCFCFC
1362	#F1DFDD	#FEFEFE
1363	#EDEBF5	#FEFEFE
1365	#EDEAF5	#FEFEFE
1366	#DDD8EC	#FEFEFE
1367	#DDD8ED	#FEFEFE
1368	#DED9ED	#FDFDFD
1369	#EFECF6	#FEFEFE
1370	#D4CFE8	#FEFEFE
1371	#FEFDFD	#FFFFFF
1372	#F7ECEB	#FFFFFF
1373	#DCD7EC	#FEFEFE
1374	#EEECF6	#FEFEFE
1375	#FBF6F5	#FFFFFF
1377	#FEFDFD	#FFFFFF
1378	#C3BBDE	#FDFDFD
1379	#B7AFD8	#FDFDFD
1380	#FBF6F6	#FFFFFF
1382	#FBFBFD	#FFFFFF
1383	#E8CECA	#FEFEFE
1384	#DDD8ED	#FEFEFE
1385	#B7AFD8	#FDFDFD
1386	#FAF9FC	#FFFFFF
1387	#F8EEED	#FFFFFF
1388	#DED9ED	#FEFEFE
1389	#F7ECEB	#FFFFFF
1390	#FBFAFD	#FFFFFF
1391	#E8E5F3	#FEFEFE
1392	#C4BDDF	#FCFCFC
1393	#F4E6E4	#FEFEFE
1394	#E9E6F3	#FEFEFE
1395	#E8E5F3	#FEFEFE
1396	#E9E6F3	#FEFEFE
1397	#E1BEBA	#FEFEFE
1398	#F8EFED	#FFFFFF
1399	#FAF9FC	#FFFFFF
1400	#E5E2F1	#FEFEFE
1401	#E9E5F3	#FEFEFE
1402	#FAF9FC	#FFFFFF
1403	#E9E5F3	#FEFEFE
1404	#F1E0DE	#FEFEFE
1405	#D4CEE8	#FEFEFE
1407	#FAF9FC	#FFFFFF
1408	#C9928B	#FBFBFB
1410	#D4CEE8	#FDFDFD
1411	#E5E1F1	#FEFEFE
1412	#FBFAFD	#FFFFFF
1413	#A79ECF	#FBFBFB
1414	#FFFFFF	#FFFFFF
1415	#EEECF6	#FFFFFF
1416	#F7EDEB	#FFFFFF
1417	#FBFBFD	#FFFFFF
1418	#F1E0DD	#FEFEFE
1419	#E9E6F3	#FEFEFE
1420	#E8E5F3	#FEFEFE
1421	#E9E5F3	#FEFEFE
1422	#F5F3F9	#FFFFFF
1423	#FBFAFD	#FFFFFF
1424	#EFEDF7	#FEFEFE
1425	#F7ECEB	#FFFFFF
1426	#F1DFDD	#FEFEFE
1427	#FAF9FC	#FFFFFF
1428	#A89ECF	#FBFBFB
1429	#E8E5F3	#FEFEFE
1430	#C3BBDE	#FDFDFD
1431	#FAF9FC	#FFFFFF
1432	#D4CEE7	#FDFDFD
1433	#EEECF6	#FFFFFF
1434	#E8E5F3	#FEFEFE
1435	#FBFBFD	#FFFFFF
1436	#F8EEED	#FFFFFF
1437	#DDD8ED	#FEFEFE
1438	#FBF6F5	#FFFFFF
1439	#E4E0F0	#FEFEFE
1440	#EBD3D0	#FEFEFE
1441	#D5CFE8	#FEFEFE
1442	#F1DFDD	#FEFEFE
1443	#F2E1DF	#FEFEFE
1444	#E1BEB9	#FEFEFE
1445	#FBFAFD	#FFFFFF
1446	#DDD8ED	#FEFEFE
1447	#AFA6D3	#FCFCFC
1448	#F9F8FC	#FFFFFF
1449	#D4CFE8	#FEFEFE
1450	#E7E4F2	#FEFEFE
1451	#FAF9FC	#FFFFFF
1452	#AFA5D3	#FCFCFC
1453	#B8AFD8	#FDFDFD
1454	#E9E5F3	#FEFEFE
1455	#FBF7F6	#FFFFFF
1456	#E9E6F3	#FEFEFE
1457	#F1DFDD	#FEFEFE
1459	#FAF9FC	#FFFFFF
1460	#EEECF6	#FFFFFF
1461	#FBFAFD	#FFFFFF
1462	#C7C0E0	#FCFCFC
1463	#F4E6E4	#FEFEFE
1464	#FBF6F6	#FFFFFF
1466	#FBF6F5	#FFFFFF
1467	#ECD5D2	#FEFEFE
1468	#F7ECEB	#FFFFFF
1469	#FAF9FC	#FFFFFF
1470	#EEECF6	#FFFFFF
1471	#FBF6F6	#FFFFFF
1472	#F2E1DF	#FEFEFE
1473	#EDD6D3	#FEFEFE
1474	#CEC7E4	#FDFDFD
1475	#A197CC	#FBFBFB
1476	#FAFAFD	#FFFFFF
1477	#D5CFE8	#FEFEFE
1478	#DCD7EC	#FEFEFE
1479	#E8E5F3	#FEFEFE
1480	#EBD4D0	#FEFEFE
1481	#FAF9FC	#FFFFFF
1482	#FBFAFD	#FFFFFF
1483	#EFEDF6	#FEFEFE
1484	#F7F5FA	#FFFFFF
1485	#F8EEED	#FFFFFF
1486	#E1BEBA	#FEFEFE
1487	#F9F8FC	#FFFFFF
1488	#FEFDFD	#FFFFFF
1489	#ADA3D2	#FAFAFA
1490	#E4E1F1	#FEFEFE
1491	#FEFDFD	#FFFFFF
1492	#B7AFD8	#FDFDFD
1493	#C3BBDE	#FDFDFD
1494	#FAFAFC	#FFFFFF
1495	#C3BBDE	#FDFDFD
1496	#FBF6F5	#FFFFFF
1497	#D9B0AA	#FDFDFD
1498	#D5CFE8	#FEFEFE
1499	#F1E0DE	#FEFEFE
1500	#E2DEEF	#FDFDFD
1501	#F1E0DE	#FEFEFE
1502	#D4A6A0	#FCFCFC
1503	#FAF9FC	#FFFFFF
1504	#C3BBDE	#FDFDFD
1505	#F4E6E4	#FEFEFE
1506	#C5BDDF	#FCFCFC
1507	#F4E6E4	#FEFEFE
1508	#D5CFE8	#FEFEFE
1509	#C3BBDE	#FDFDFD
1511	#DEDAED	#FDFDFD
1512	#EFECF6	#FEFEFE
1513	#F8EEED	#FFFFFF
1514	#F2F0F8	#FFFFFF
1515	#E4E0F0	#FEFEFE
1516	#FBFAFD	#FFFFFF
1517	#E3E0F0	#FEFEFE
1518	#EFEDF6	#FEFEFE
1519	#D9B0AB	#FDFDFD
1520	#EAE7F4	#FEFEFE
1521	#D4CEE8	#FDFDFD
1522	#DED9ED	#FEFEFE
1523	#F6F4FA	#FFFFFF
1524	#FBFBFD	#FFFFFF
1525	#DDD8EC	#FEFEFE
1526	#EEECF6	#FFFFFF
1527	#EBD4D0	#FEFEFE
1528	#FBF6F5	#FFFFFF
1529	#FEFDFD	#FFFFFF
1530	#EBD4D0	#FEFEFE
1531	#E1BEB9	#FEFEFE
1532	#EFECF6	#FFFFFF
1533	#F6EBE9	#FEFEFE
1534	#C3BBDE	#FDFDFD
1535	#FAFAFC	#FFFFFF
1536	#F8EEED	#FFFFFF
1537	#F7EDEB	#FFFFFF
1538	#E9E6F3	#FEFEFE
1539	#EBD4D0	#FEFEFE
1540	#F7F5FA	#FFFFFF
1542	#C3BBDE	#FDFDFD
1543	#FAF9FC	#FFFFFF
1544	#C3BBDE	#FDFDFD
1545	#FBFAFD	#FFFFFF
1546	#DDD8EC	#FEFEFE
1547	#EBD4D0	#FEFEFE
1548	#B7AFD8	#FDFDFD
1549	#F8EEED	#FFFFFF
1550	#FBF6F6	#FFFFFF
1551	#EDEBF5	#FEFEFE
1552	#D4CEE7	#FDFDFD
1553	#F1E0DE	#FEFEFE
1554	#C3BBDE	#FDFDFD
1555	#C5BDDF	#FCFCFC
1556	#FAF9FC	#FFFFFF
1557	#AFA6D3	#FCFCFC
1558	#EFEDF6	#FEFEFE
1559	#F7EDEC	#FFFFFF
1560	#FAF9FC	#FFFFFF
1561	#F6F5FA	#FFFFFF
1562	#C7C0E0	#FCFCFC
1563	#D9AFAA	#FDFDFD
1564	#FBF6F6	#FFFFFF
1565	#E4E1F1	#FEFEFE
1567	#FBFAFD	#FFFFFF
1568	#DDD8EC	#FEFEFE
1569	#B7AFD8	#FDFDFD
1570	#F8EEED	#FFFFFF
1571	#ECD5D2	#FEFEFE
1572	#FBF7F6	#FFFFFF
1573	#E5E2F1	#FEFEFE
1574	#EEECF6	#FFFFFF
1575	#D9B0AA	#FDFDFD
1576	#F8EEED	#FFFFFF
1577	#C8918A	#FBFBFB
1579	#EFECF6	#FEFEFE
1580	#D5CFE8	#FEFEFE
1581	#F8EEED	#FFFFFF
1582	#AFA6D3	#FCFCFC
1583	#EBD4D0	#FEFEFE
1584	#D9B0AB	#FDFDFD
1585	#D9B0AB	#FDFDFD
1586	#ECD5D2	#FEFEFE
1587	#E6C9C5	#FDFDFD
1588	#F1DFDD	#FEFEFE
1589	#EFECF6	#FFFFFF
1590	#FBF7F6	#FFFFFF
1591	#F7EDEC	#FFFFFF
1593	#EFEDF6	#FEFEFE
1594	#E9E6F3	#FEFEFE
1595	#EBD4D0	#FEFEFE
1596	#C3BBDE	#FDFDFD
1597	#E6E2F1	#FEFEFE
1598	#FBFAFD	#FFFFFF
1599	#FBFAFD	#FFFFFF
1600	#E9E5F3	#FEFEFE
1601	#E4E0F0	#FEFEFE
1602	#E8E5F3	#FEFEFE
1603	#E8E5F3	#FEFEFE
1604	#C3BBDE	#FDFDFD
1605	#F7EDEC	#FFFFFF
1607	#E8E5F3	#FEFEFE
1608	#E3C3BF	#FDFDFD
1609	#D4CEE7	#FDFDFD
1610	#E0BDB9	#FEFEFE
1612	#D5CFE8	#FEFEFE
1613	#F2F0F8	#FEFEFE
1614	#DCD7EC	#FEFEFE
1615	#DCD7EC	#FEFEFE
1616	#D9B0AB	#FDFDFD
1617	#F7EDEC	#FFFFFF
1618	#F2F0F8	#FFFFFF
1619	#FFFFFE	#FFFFFF
1620	#EEECF6	#FEFEFE
1621	#F7ECEA	#FEFEFE
1622	#F2F0F8	#FFFFFF
1623	#D5CFE8	#FEFEFE
1624	#E8E4F2	#FEFEFE
1625	#D9B0AB	#FDFDFD
1626	#F9F8FC	#FFFFFF
1627	#FBF6F6	#FFFFFF
1628	#ECD5D2	#FEFEFE
1629	#E8E5F3	#FEFEFE
1630	#FCF8F7	#FFFFFF
1631	#FBFBFD	#FFFFFF
1632	#E9E5F3	#FEFEFE
1633	#FAFAFD	#FFFFFF
1634	#FAF9FC	#FFFFFF
1635	#E4E0F0	#FEFEFE
1636	#E9E6F3	#FEFEFE
1637	#C3BBDE	#FDFDFD
1638	#CF9D97	#FCFCFC
1639	#FBFAFD	#FFFFFF
1640	#F9F8FC	#FFFFFF
1641	#DCD7EC	#FEFEFE
1642	#FBFBFD	#FFFFFF
1643	#EEECF6	#FEFEFE
1644	#FEFDFC	#FFFFFF
1645	#E8E5F3	#FEFEFE
1646	#FEFDFD	#FFFFFF
1647	#E8E5F3	#FEFEFE
1648	#FBF6F5	#FFFFFF
1649	#ECD5D2	#FEFEFE
1650	#FAF9FC	#FFFFFF
1651	#FBF7F6	#FFFFFF
1652	#DEDAED	#FDFDFD
1653	#EFEDF7	#FFFFFF
1654	#D4A6A0	#FCFCFC
1655	#B1A8D4	#F8F8F8
1656	#B7AFD8	#FDFDFD
1657	#F9F8FC	#FFFFFF
1658	#FAF9FC	#FFFFFF
1660	#E4E0F0	#FEFEFE
1661	#E8CDCA	#FEFEFE
1662	#EEECF6	#FFFFFF
1663	#FBFBFD	#FFFFFF
1664	#EFECF6	#FFFFFF
1665	#C3BBDE	#FDFDFD
1666	#F6F5FA	#FFFFFF
1668	#F7ECEB	#FFFFFF
1669	#F7ECEA	#FFFFFF
1670	#DDD8EC	#FEFEFE
1671	#CCC5E3	#FDFDFD
1672	#ECD5D2	#FEFEFE
1673	#D9B0AB	#FDFDFD
1674	#EFEDF6	#FEFEFE
1675	#C3BBDE	#FDFDFD
1676	#E1BEBA	#FEFEFE
1677	#DDD8EC	#FEFEFE
1678	#CF9D97	#FCFCFC
1679	#FAF9FC	#FFFFFF
1680	#FAF9FC	#FFFFFF
1681	#DDD8EC	#FEFEFE
1682	#B7AFD8	#FDFDFD
1683	#FAFAFD	#FFFFFF
1684	#F1E0DD	#FEFEFE
1685	#B7AFD8	#FDFDFD
1686	#FBFAFD	#FFFFFF
1687	#F9F1F0	#FFFFFF
1688	#D4CEE8	#FEFEFE
1689	#A79DCF	#FBFBFB
1690	#E4E0F0	#FEFEFE
1691	#F9F8FC	#FFFFFF
1692	#E8E5F3	#FEFEFE
1693	#DEDAED	#FEFEFE
1694	#C3BBDE	#FDFDFD
1695	#CCC5E3	#FDFDFD
1696	#FAF9FC	#FFFFFF
1697	#ECD5D2	#FEFEFE
1698	#DDD8ED	#FEFEFE
1699	#F8EFED	#FFFFFF
1700	#DDD8EC	#FEFEFE
1701	#F7ECEB	#FFFFFF
1702	#CCC5E3	#FCFCFC
1703	#EBD4D0	#FEFEFE
1704	#D3CDE7	#FDFDFD
1705	#FBFAFD	#FFFFFF
1706	#E9E6F3	#FEFEFE
1707	#D5CFE8	#FEFEFE
1708	#D4CEE8	#FDFDFD
1709	#D5CFE8	#FEFEFE
1710	#E9E5F3	#FEFEFE
1711	#EEECF6	#FFFFFF
1713	#F6F4FA	#FFFFFF
1714	#ECD6D3	#FEFEFE
1715	#FEFDFD	#FFFFFF
1716	#D4CEE8	#FEFEFE
1717	#D5CFE8	#FEFEFE
1718	#F0DCDA	#FEFEFE
1719	#C2BADE	#FAFAFA
1720	#FBF6F5	#FFFFFF
1721	#D4CEE7	#FDFDFD
1722	#E8E5F3	#FEFEFE
1723	#FAF9FC	#FFFFFF
1724	#DCD7EC	#FEFEFE
1725	#F7EDEC	#FFFFFF
1726	#FAFAFC	#FFFFFF
1727	#F9F8FC	#FFFFFF
1728	#D5CFE8	#FEFEFE
1729	#FBF6F5	#FFFFFF
1730	#E8E5F3	#FEFEFE
1731	#F1E0DD	#FEFEFE
1732	#FEFCFC	#FFFFFF
1733	#E1BEBA	#FEFEFE
1734	#D4A59F	#FCFCFC
1735	#F8EEED	#FFFFFF
1736	#ECD4D1	#FEFEFE
1737	#FCFBFD	#FFFFFF
1738	#E8E5F3	#FEFEFE
1739	#E9E6F3	#FEFEFE
1740	#EFEDF6	#FEFEFE
1741	#C3BBDE	#FDFDFD
1742	#F1E0DD	#FEFEFE
1743	#E1BEBA	#FEFEFE
1744	#FBF6F5	#FFFFFF
1745	#D5CFE8	#FEFEFE
1746	#EDEAF5	#FEFEFE
1747	#EEECF6	#FFFFFF
1748	#FBFAFD	#FFFFFF
1749	#FBF6F6	#FFFFFF
1750	#F8EEED	#FFFFFF
1751	#E8E5F3	#FEFEFE
1752	#DDD8EC	#FEFEFE
1753	#E4E1F1	#FEFEFE
1754	#FAF9FC	#FFFFFF
1755	#D5CFE8	#FEFEFE
1756	#FBFAFD	#FFFFFF
1757	#C3BBDE	#FDFDFD
1758	#F1E0DD	#FEFEFE
1759	#D5CFE8	#FEFEFE
1760	#F1E0DE	#FEFEFE
1761	#EBD4D0	#FEFEFE
1762	#F1E0DE	#FEFEFE
1763	#DDD8EC	#FEFEFE
1764	#EFEDF6	#FFFFFF
1765	#FAFAFD	#FFFFFF
1766	#F1DFDD	#FEFEFE
1767	#F1E0DD	#FEFEFE
1769	#DDD9ED	#FDFDFD
1770	#FAF9FC	#FFFFFF
1771	#FEFDFD	#FFFFFF
1772	#DCD7EC	#FEFEFE
1773	#F9F8FC	#FFFFFF
1774	#EBD4D0	#FEFEFE
1775	#FBF6F5	#FFFFFF
1776	#F8EEED	#FFFFFF
1777	#F3E5E3	#FEFEFE
1778	#F5E7E6	#FEFEFE
1779	#F8EEED	#FFFFFF
1780	#EEECF6	#FFFFFF
1781	#CCC5E3	#FDFDFD
1782	#FBFAFD	#FFFFFF
1783	#FBF6F5	#FFFFFF
1784	#F6F5FA	#FFFFFF
1785	#FAF9FC	#FFFFFF
1786	#E0BDB9	#FEFEFE
1787	#FBFAFD	#FFFFFF
1788	#EFEDF6	#FEFEFE
1789	#FAFAFD	#FFFFFF
1790	#EEECF6	#FFFFFF
1791	#DDD8EC	#FEFEFE
1792	#FEFDFD	#FFFFFF
1793	#FBFAFD	#FFFFFF
1794	#E8E5F3	#FEFEFE
1795	#FBF6F5	#FFFFFF
1796	#D5CFE8	#FEFEFE
1797	#DFDAED	#FEFEFE
1798	#FEFDFD	#FFFFFF
1799	#FBF6F5	#FFFFFF
1800	#F1DFDD	#FEFEFE
1801	#B7AFD8	#FDFDFD
1802	#FAFAFC	#FFFFFF
1803	#FFFFFF	#FFFFFF
1804	#F8EEED	#FFFFFF
1805	#B8AFD8	#FDFDFD
1806	#D4CEE8	#FDFDFD
1807	#DDD8ED	#FEFEFE
1808	#F1E0DE	#FEFEFE
1809	#FAF9FC	#FFFFFF
1810	#FAF9FC	#FFFFFF
1811	#EFECF6	#FFFFFF
1812	#FEFCFC	#FFFFFF
1814	#DEDAED	#FDFDFD
1815	#C3BBDE	#FDFDFD
1816	#D3A59F	#FCFCFC
1817	#FBFBFD	#FFFFFF
1818	#F8EEED	#FFFFFF
1819	#FDFBFB	#FFFFFF
1820	#D7D2E9	#FDFDFD
1821	#D4CEE8	#FDFDFD
1822	#EDEAF5	#FEFEFE
1823	#E6C8C4	#FDFDFD
1824	#F9F8FC	#FFFFFF
1825	#FAF9FC	#FFFFFF
1826	#FAF9FC	#FFFFFF
1827	#EBD4D0	#FEFEFE
1828	#D4CEE8	#FEFEFE
1829	#F1E0DE	#FEFEFE
1830	#D3CEE7	#FDFDFD
1831	#E8CECA	#FEFEFE
1832	#E5E1F1	#FEFEFE
1833	#E9E6F3	#FEFEFE
1834	#FAF9FC	#FFFFFF
1835	#FBFAFD	#FFFFFF
1836	#D5CFE8	#FEFEFE
1837	#F8EEED	#FFFFFF
1838	#D9AFA9	#FDFDFD
1839	#D4CFE8	#FEFEFE
1840	#FBFAFD	#FFFFFF
1841	#FAF9FC	#FFFFFF
1842	#F8EEED	#FFFFFF
1843	#FEFCFC	#FFFFFF
1845	#FBF6F6	#FFFFFF
1846	#FEFDFD	#FFFFFF
1847	#F1E0DE	#FEFEFE
1848	#D3CEE7	#FDFDFD
1849	#E8E5F3	#FEFEFE
1850	#CCC5E3	#FDFDFD
1851	#DDD8EC	#FEFEFE
1852	#9A90C8	#FAFAFA
1853	#B7AED8	#FDFDFD
1854	#F7EDEC	#FEFEFE
1855	#DCD7EC	#FEFEFE
1856	#FAF9FC	#FFFFFF
1857	#C3BBDE	#FDFDFD
1858	#F9F1F0	#FFFFFF
1859	#D4CEE8	#FEFEFE
1860	#D5CFE8	#FEFEFE
1861	#FBFBFD	#FFFFFF
1862	#F8EFED	#FFFFFF
1863	#F7ECEB	#FFFFFF
1864	#EFEDF6	#FEFEFE
1865	#EED9D6	#FEFEFE
1866	#DDD8ED	#FEFEFE
1867	#B7AFD8	#FDFDFD
1868	#EDEBF5	#FEFEFE
1870	#EEEBF6	#FFFFFF
1871	#C4BCDF	#FCFCFC
1872	#FBF7F6	#FFFFFF
1873	#E1BEBA	#FEFEFE
1874	#FEFDFD	#FFFFFF
1875	#D4CEE8	#FDFDFD
1876	#FBFBFD	#FFFFFF
1877	#D5CFE8	#FEFEFE
1878	#F9F8FC	#FFFFFF
1879	#DDD8EC	#FEFEFE
1880	#B7AFD8	#FDFDFD
1882	#F7ECEB	#FFFFFF
1883	#D4A5A0	#FCFCFC
1884	#F9F1F0	#FFFFFF
1885	#EEECF6	#FFFFFF
1887	#FAF9FC	#FFFFFF
1888	#EBD4D0	#FEFEFE
1889	#EEECF6	#FFFFFF
1890	#F1E0DE	#FEFEFE
1891	#C3BBDE	#FDFDFD
1892	#FEFDFD	#FFFFFF
1893	#F1DFDD	#FEFEFE
1894	#CBC5E3	#FDFDFD
1895	#D5CFE8	#FEFEFE
1896	#F8EEED	#FFFFFF
1897	#F1E0DD	#FEFEFE
1898	#D9AFAA	#FDFDFD
1899	#FBF6F6	#FFFFFF
1901	#E6E3F2	#FEFEFE
1902	#F1E0DE	#FEFEFE
1903	#C3BBDE	#FDFDFD
1904	#E9E6F3	#FEFEFE
1905	#D4CFE8	#FEFEFE
1906	#C3BBDE	#FDFDFD
1907	#D9AFAA	#FDFDFD
1908	#C3BBDE	#FDFDFD
1909	#AFA6D3	#FCFCFC
1910	#FBFAFD	#FFFFFF
1911	#9B91C8	#FAFAFA
1912	#FAFAFD	#FFFFFF
1915	#E5E1F1	#FEFEFE
1916	#CDC7E4	#FDFDFD
1917	#E4E0F0	#FEFEFE
1918	#E9E5F3	#FEFEFE
1919	#F7EDEC	#FEFEFE
1920	#D7D2E9	#FDFDFD
1921	#FDFDFE	#FFFFFF
1922	#FBFAFD	#FFFFFF
1923	#F1DFDD	#FEFEFE
1924	#C3BBDE	#FDFDFD
1925	#FEFDFC	#FFFFFF
1926	#F9F8FC	#FFFFFF
1927	#EBD3D0	#FEFEFE
1928	#D4CFE8	#FEFEFE
1930	#F1E0DD	#FEFEFE
1931	#D4CFE8	#FEFEFE
1933	#E6E2F1	#FEFEFE
1934	#EFECF6	#FFFFFF
1935	#FAF9FC	#FFFFFF
1936	#D4CFE8	#FEFEFE
1937	#E1BEBA	#FEFEFE
1938	#F1E0DD	#FEFEFE
1939	#B7AFD8	#FDFDFD
1940	#D5CFE8	#FEFEFE
1941	#DDD8EC	#FEFEFE
1942	#F1E0DE	#FEFEFE
1943	#D5CFE8	#FEFEFE
1944	#D3CEE7	#FDFDFD
1946	#FAFAFC	#FFFFFF
1947	#E8E5F3	#FEFEFE
1948	#E9E6F3	#FEFEFE
1949	#F6F5FA	#FFFFFF
1950	#AFA6D3	#FCFCFC
1951	#EDEAF5	#FEFEFE
1952	#EEECF6	#FFFFFF
1953	#E8E5F3	#FEFEFE
1954	#FBF6F5	#FFFFFF
1955	#EEECF6	#FFFFFF
1956	#EFEDF6	#FFFFFF
1957	#F1E0DE	#FEFEFE
1958	#E9E6F3	#FEFEFE
1959	#C3BBDE	#FDFDFD
1960	#EBD4D0	#FEFEFE
1961	#FAF9FC	#FFFFFF
1962	#FBF6F5	#FFFFFF
1963	#C3BBDE	#FDFDFD
1965	#E5E1F1	#FEFEFE
1966	#E4E1F1	#FEFEFE
1967	#E8E5F3	#FEFEFE
1968	#F1DFDD	#FEFEFE
1969	#C1B9DD	#FBFBFB
1971	#F9F0EF	#FFFFFF
1972	#E7E3F2	#FEFEFE
1973	#D3CEE7	#FDFDFD
1974	#E4C4C0	#FDFDFD
1975	#D5CFE8	#FEFEFE
1976	#DDD8EC	#FEFEFE
1977	#D4A5A0	#FCFCFC
1978	#F7ECEB	#FFFFFF
1979	#E9E5F3	#FEFEFE
1980	#F4E5E3	#FEFEFE
1981	#FAF9FC	#FFFFFF
1982	#E7E4F2	#FEFEFE
1983	#EFECF6	#FEFEFE
1984	#FBF6F6	#FFFFFF
1985	#F7ECEB	#FFFFFF
1986	#ECD5D2	#FEFEFE
1987	#DDD8EC	#FEFEFE
1988	#FAF9FC	#FFFFFF
1989	#FAF9FC	#FFFFFF
1990	#EEEBF6	#FFFFFF
1992	#FAF9FC	#FFFFFF
1993	#E1BEB9	#FEFEFE
1994	#ECD6D3	#FEFEFE
1995	#FBF6F6	#FFFFFF
1996	#E1BEBA	#FEFEFE
1997	#DDD8ED	#FEFEFE
1998	#DDD8ED	#FEFEFE
1999	#C3BBDE	#FDFDFD
2000	#FAF9FC	#FFFFFF
2001	#F7EDEC	#FFFFFF
2002	#FBF6F5	#FFFFFF
2003	#FDFBFB	#FFFFFF
2004	#D5CFE8	#FEFEFE
2005	#F7EEEC	#FFFFFF
2006	#FBFAFD	#FFFFFF
2007	#EFEDF6	#FEFEFE
2008	#DDD8EC	#FEFEFE
2009	#B7AFD8	#FDFDFD
2010	#D5CFE8	#FEFEFE
2011	#E4E1F1	#FEFEFE
2012	#AEA5D3	#FCFCFC
2013	#D4CEE8	#FEFEFE
2014	#E8CDCA	#FEFEFE
2016	#A79ECF	#FBFBFB
2017	#DBD7EC	#FEFEFE
2018	#FBF6F5	#FFFFFF
2019	#FDFBFA	#FFFFFF
2020	#EEECF6	#FFFFFF
2021	#FFFFFF	#FFFFFF
2022	#F7ECEB	#FFFFFF
2023	#D7D1E9	#FDFDFD
2024	#FCFBFD	#FFFFFF
2025	#F6F5FA	#FFFFFF
2026	#EBD4D0	#FEFEFE
2027	#E8E5F3	#FEFEFE
2029	#FAF9FC	#FFFFFF
2030	#D4CFE8	#FEFEFE
2031	#E4E1F1	#FEFEFE
2032	#FBFAFD	#FFFFFF
2033	#FAFAFC	#FFFFFF
2034	#E9CECB	#FEFEFE
2035	#FEFDFC	#FFFFFF
2036	#D4CFE8	#FEFEFE
2037	#FAFAFC	#FFFFFF
2038	#F9F8FC	#FFFFFF
2039	#DCD7EC	#FEFEFE
2040	#ECD5D2	#FEFEFE
2041	#FBFAFD	#FFFFFF
2042	#E9E6F3	#FEFEFE
2043	#FBF7F6	#FFFFFF
2044	#D9B0AA	#FDFDFD
2045	#CDC7E4	#FDFDFD
2046	#E1BEB9	#FEFEFE
2047	#ECD5D2	#FEFEFE
2048	#F8EEED	#FFFFFF
2049	#E9E6F3	#FEFEFE
2050	#D5CFE8	#FEFEFE
2051	#E8E5F3	#FEFEFE
2052	#FAF9FC	#FFFFFF
2053	#FBF6F5	#FFFFFF
2054	#F4E6E4	#FEFEFE
2055	#E9E6F3	#FEFEFE
2056	#D3CDE7	#FDFDFD
2057	#E0BEB9	#FEFEFE
2058	#F8EEED	#FFFFFF
2059	#F7EEEC	#FFFFFF
2060	#FAFAFC	#FFFFFF
2061	#D3CDE7	#FDFDFD
2062	#F9F1F0	#FFFFFF
2063	#FAF9FC	#FFFFFF
2064	#E8CDCA	#FEFEFE
2065	#EBD4D0	#FEFEFE
2066	#D3CEE7	#FDFDFD
2067	#C4BCDF	#FCFCFC
2068	#CDC7E4	#FDFDFD
2069	#E4E1F1	#FEFEFE
2070	#EEECF6	#FFFFFF
2072	#FBFBFD	#FFFFFF
2073	#FCFBFD	#FFFFFF
2074	#EBD4D0	#FEFEFE
2075	#FEFDFD	#FFFFFF
2076	#F7EDEB	#FFFFFF
2077	#DDD8EC	#FEFEFE
2078	#E1BEB9	#FEFEFE
2079	#F1DFDD	#FEFEFE
2080	#D4A5A0	#FCFCFC
2081	#D4A6A0	#FCFCFC
2082	#E9CECA	#FEFEFE
2083	#FEFCFC	#FFFFFF
2084	#F7ECEB	#FFFFFF
2085	#D3CEE7	#FDFDFD
2086	#E8E5F3	#FEFEFE
2087	#ECD5D1	#FEFEFE
2088	#EFECF6	#FFFFFF
2089	#D4CEE8	#FEFEFE
2090	#FBF6F5	#FFFFFF
2091	#F1E0DD	#FEFEFE
2092	#EFECF6	#FEFEFE
2093	#FEFCFC	#FFFFFF
2094	#FBF6F6	#FFFFFF
2095	#F1DFDD	#FEFEFE
2096	#FAF9FC	#FFFFFF
2097	#F7EDEC	#FEFEFE
2098	#DCD8EC	#FEFEFE
2099	#FAF9FC	#FFFFFF
2101	#D5CFE8	#FEFEFE
2102	#FAFAFC	#FFFFFF
2103	#FBF6F5	#FFFFFF
2104	#DCD7EC	#FEFEFE
2105	#EFECF6	#FFFFFF
2106	#F1E0DD	#FEFEFE
2107	#EEECF6	#FFFFFF
2108	#B7AFD8	#FDFDFD
2109	#FAF9FC	#FFFFFF
2110	#E5E1F1	#FEFEFE
2111	#E9E5F3	#FEFEFE
2112	#EBD4D0	#FEFEFE
2113	#EBD3D0	#FEFEFE
2114	#EBD4D0	#FEFEFE
2115	#E8E5F3	#FEFEFE
2117	#FEFDFC	#FFFFFF
2118	#D5CFE8	#FEFEFE
2119	#FAF9FC	#FFFFFF
2120	#F9F8FC	#FFFFFF
2121	#F1E0DD	#FEFEFE
2122	#EEEBF6	#FFFFFF
2123	#DDD9ED	#FEFEFE
2124	#EEECF6	#FFFFFF
2125	#DDD8ED	#FEFEFE
2126	#EBD3D0	#FEFEFE
2127	#EBD4D0	#FEFEFE
2128	#B7AFD8	#FDFDFD
2129	#FBFBFD	#FFFFFF
2130	#F8EEED	#FFFFFF
2131	#F8EEED	#FFFFFF
2132	#F1E0DE	#FEFEFE
2133	#D5CFE8	#FEFEFE
2134	#D9B0AA	#FDFDFD
2135	#DFDAED	#FEFEFE
2136	#D9AFAA	#FDFDFD
2137	#F7EDEB	#FFFFFF
2138	#FBFAFD	#FFFFFF
2139	#DDD8EC	#FEFEFE
2140	#C7C0E0	#FCFCFC
2141	#E8E5F3	#FEFEFE
2142	#FAF9FC	#FFFFFF
2143	#ECD5D2	#FEFEFE
2144	#FBF6F5	#FFFFFF
2145	#FAF9FC	#FFFFFF
2146	#EDD6D3	#FEFEFE
2147	#E8E5F3	#FEFEFE
2148	#F4E6E4	#FEFEFE
2149	#DEDAED	#FEFEFE
2150	#D5CFE8	#FEFEFE
2151	#E8E5F3	#FEFEFE
2152	#D4CFE8	#FEFEFE
2153	#DDD8ED	#FEFEFE
2154	#E4E0F0	#FEFEFE
2155	#E3C4BF	#FDFDFD
2156	#E4E0F0	#FEFEFE
2157	#EDEBF5	#FEFEFE
2158	#E6C8C4	#FDFDFD
2159	#DDD8EC	#FEFEFE
2160	#FAF9FC	#FFFFFF
2161	#D5CFE8	#FEFEFE
2162	#FAF9FC	#FFFFFF
2164	#CF9D97	#FCFCFC
2165	#F8EEED	#FFFFFF
2166	#FAF9FC	#FFFFFF
2167	#EBD4D0	#FEFEFE
2168	#FBF6F6	#FFFFFF
2169	#CCC5E3	#FDFDFD
2170	#F8EEED	#FFFFFF
2171	#FDFBFA	#FFFFFF
2173	#FBF6F6	#FFFFFF
2174	#E9E5F3	#FEFEFE
2175	#FAF9FC	#FFFFFF
2176	#D5CFE8	#FEFEFE
2177	#ECD5D2	#FEFEFE
2178	#FAF9FC	#FFFFFF
2179	#E1BEBA	#FEFEFE
2180	#EBD4D0	#FEFEFE
2181	#CF9D97	#FCFCFC
2182	#DDD8EC	#FEFEFE
2183	#F9F9FC	#FFFFFF
2184	#D4CFE8	#FEFEFE
2185	#FEFEFE	#FFFFFF
2186	#F1E0DD	#FEFEFE
2187	#E9E5F3	#FEFEFE
2188	#B7AFD8	#FDFDFD
2189	#FBFAFD	#FFFFFF
2190	#EEECF6	#FEFEFE
2191	#FFFFFF	#FFFFFF
2192	#A79ECF	#FBFBFB
2193	#FAF9FC	#FFFFFF
2194	#E4E1F1	#FEFEFE
2195	#FBFAFD	#FFFFFF
2196	#EFEDF6	#FEFEFE
2197	#FBF7F6	#FFFFFF
2198	#C3BBDE	#FDFDFD
2199	#E9E5F3	#FEFEFE
2200	#F8F7FB	#FFFFFF
2201	#E9E5F3	#FEFEFE
2202	#F9F9FC	#FFFFFF
2203	#C3BBDE	#FDFDFD
2204	#E2C1BD	#FDFDFD
2205	#DDD8ED	#FEFEFE
2206	#FBF6F5	#FFFFFF
2207	#C3BBDE	#FDFDFD
2208	#F6F5FA	#FFFFFF
2209	#D4CFE8	#FEFEFE
2210	#FAF9FC	#FFFFFF
2211	#E1BEBA	#FEFEFE
2212	#DDD8EC	#FEFEFE
2214	#F4E5E4	#FEFEFE
2215	#EEECF6	#FFFFFF
2216	#DED9ED	#FEFEFE
2218	#E1BEB9	#FEFEFE
2219	#FBF6F5	#FFFFFF
2220	#F8EEED	#FFFFFF
2221	#F7ECEA	#FFFFFF
2222	#F7ECEB	#FFFFFF
2223	#ECD5D2	#FEFEFE
2224	#D7D2E9	#FDFDFD
2225	#F1DFDD	#FEFEFE
2226	#D5CFE8	#FEFEFE
2227	#E8E5F3	#FEFEFE
2228	#FBFAFD	#FFFFFF
2229	#D3A59F	#FCFCFC
2230	#F8EEED	#FFFFFF
2231	#E4C4C0	#FDFDFD
2232	#D9B0AB	#FDFDFD
2233	#C9928B	#FBFBFB
2234	#F7EDEB	#FFFFFF
2235	#E1BEBA	#FEFEFE
2236	#F7ECEA	#FFFFFF
2237	#FBFAFD	#FFFFFF
2238	#D4CEE7	#FDFDFD
2239	#DDD8ED	#FEFEFE
2240	#ECD5D2	#FEFEFE
2241	#FAF9FC	#FFFFFF
2242	#F0EDF7	#FFFFFF
2243	#EFECF6	#FFFFFF
2244	#DEDAED	#FEFEFE
2245	#E3DFF0	#FEFEFE
2246	#FAFAFC	#FFFFFF
2247	#FBF6F6	#FFFFFF
2248	#DCD7EC	#FEFEFE
2249	#EFEDF7	#FEFEFE
2250	#F9F9FC	#FFFFFF
2251	#F4E5E3	#FEFEFE
2253	#EEECF6	#FFFFFF
2254	#FBFAFD	#FFFFFF
2255	#DDD8EC	#FEFEFE
2257	#FEFDFD	#FFFFFF
2258	#A79ECF	#FBFBFB
2259	#E8E5F3	#FEFEFE
2260	#E9E6F3	#FEFEFE
2261	#EEECF6	#FEFEFE
2262	#E9E5F3	#FEFEFE
2263	#D4A6A0	#FCFCFC
2264	#C3BBDE	#FDFDFD
2265	#FEFDFD	#FFFFFF
2266	#F6EAE8	#FEFEFE
2267	#FFFFFF	#FFFFFF
2268	#CF9E97	#FCFCFC
2269	#EDEAF5	#FEFEFE
2270	#F8EEED	#FFFFFF
2271	#E8E5F3	#FEFEFE
2272	#F9F9FC	#FFFFFF
2274	#D5CFE8	#FCFCFC
2275	#DED9ED	#FDFDFD
2276	#F6F4FA	#FFFFFF
2277	#D7D2EA	#FDFDFD
2278	#EEECF6	#FEFEFE
2279	#FBFAFD	#FFFFFF
2280	#EFECF6	#FEFEFE
2281	#EDEAF5	#FEFEFE
2282	#FAF4F3	#FFFFFF
2283	#ECD4D1	#FDFDFD
2284	#F1DFDD	#FEFEFE
2285	#FBFAFD	#FFFFFF
2286	#D9D4EA	#FCFCFC
2287	#EEEBF6	#FFFFFF
2288	#F9F1F0	#FFFFFF
2289	#FBF6F6	#FFFFFF
2290	#E8CDCA	#FEFEFE
2291	#B8AFD8	#FDFDFD
2292	#DCD7EC	#FEFEFE
2293	#FBF7F6	#FFFFFF
2294	#F8EEED	#FFFFFF
2295	#F1E0DE	#FEFEFE
2296	#DCD8EC	#FEFEFE
2297	#F1DFDD	#FEFEFE
2298	#DDD8EC	#FEFEFE
2299	#F2E1DF	#FEFEFE
2300	#F8EEED	#FFFFFF
2301	#EEECF6	#FFFFFF
2302	#DDD8EC	#FEFEFE
2303	#AFA6D3	#FCFCFC
2304	#E6E3F2	#FEFEFE
2305	#FAF9FC	#FFFFFF
2306	#F7EDEB	#FFFFFF
2307	#FBFAFD	#FFFFFF
2308	#F2F1F8	#FFFFFF
2309	#F1DFDD	#FEFEFE
2310	#F8EEED	#FFFFFF
2311	#D4CEE7	#FDFDFD
2312	#F9F0EF	#FFFFFF
2313	#FBF6F6	#FFFFFF
2314	#D4CFE8	#FEFEFE
2315	#FBFAFD	#FFFFFF
2316	#F7F5FA	#FFFFFF
2317	#DCD8EC	#FEFEFE
2319	#E2DEEF	#FDFDFD
2320	#FDF9F9	#FFFFFF
2321	#DDD9ED	#FDFDFD
2322	#CDC6E4	#FCFCFC
2323	#E4E0F0	#FEFEFE
2324	#EAE7F4	#FEFEFE
2325	#FFFFFF	#FFFFFF
2326	#DEDAED	#FEFEFE
2327	#FFFFFF	#FFFFFF
2328	#F2F0F8	#FFFFFF
2329	#FBF6F6	#FFFFFF
2330	#DDB7B2	#FCFCFC
2331	#ECE9F4	#FEFEFE
2332	#F8F7FB	#FFFFFF
2333	#F4E6E4	#FEFEFE
2334	#EEECF6	#FFFFFF
2335	#FDFDFE	#FFFFFF
2336	#F1DFDD	#FEFEFE
2337	#FBF6F6	#FFFFFF
2338	#FBF6F5	#FFFFFF
2339	#F6F5FA	#FFFFFF
2340	#E8E5F3	#FEFEFE
2341	#D7D2E9	#FDFDFD
2342	#F9F1F0	#FFFFFF
2343	#E4E0F0	#FEFEFE
2344	#EEEBF6	#FFFFFF
2345	#D9B0AB	#FDFDFD
2346	#E8E5F3	#FEFEFE
2347	#EEECF6	#FFFFFF
2348	#ECEAF5	#FEFEFE
2349	#DCD8EC	#FEFEFE
2350	#FCFBFD	#FFFFFF
2351	#CB9690	#FCFCFC
2352	#B7AFD8	#FDFDFD
2353	#F6F5FA	#FFFFFF
2354	#DCD7EC	#FEFEFE
2355	#F8EEED	#FFFFFF
2356	#F1DFDD	#FEFEFE
2357	#FEFDFD	#FFFFFF
2358	#DDD8EC	#FEFEFE
2359	#FAF4F3	#FFFFFF
2361	#F6F5FA	#FFFFFF
2362	#FAF9FC	#FFFFFF
2363	#F9F9FC	#FFFFFF
2364	#F8EEEC	#FFFFFF
2365	#E8E5F3	#FEFEFE
2366	#FAFAFD	#FFFFFF
2367	#DCD7EC	#FEFEFE
2368	#FBF6F6	#FFFFFF
2369	#D4CFE8	#FDFDFD
2370	#F6F5FA	#FFFFFF
2371	#E5E2F1	#FEFEFE
2372	#FBF6F5	#FFFFFF
2373	#F3F1F9	#FEFEFE
2375	#E5E2F1	#FEFEFE
2376	#D1CBE6	#FCFCFC
2377	#F9F8FC	#FFFFFF
2378	#FAF9FC	#FFFFFF
2379	#BDB5DB	#FCFCFC
2380	#FAF9FC	#FFFFFF
2381	#DCD7EC	#FEFEFE
2382	#FAF9FC	#FFFFFF
2383	#FBFAFD	#FFFFFF
2385	#FAF9FC	#FFFFFF
2386	#EEECF6	#FFFFFF
2387	#C6BFE0	#FCFCFC
2388	#F8EEEC	#FFFFFF
2389	#CBC5E3	#FDFDFD
2390	#E9E5F3	#FEFEFE
2391	#F9F1F0	#FFFFFF
2392	#D4A59F	#FCFCFC
2393	#EFEDF6	#FEFEFE
2394	#E9E6F3	#FEFEFE
2395	#F9F9FC	#FFFFFF
2396	#E5E2F1	#FEFEFE
2397	#B7AFD8	#FDFDFD
2398	#EEECF6	#FFFFFF
2399	#E8E5F3	#FEFEFE
2400	#E5E1F1	#FEFEFE
2401	#FAF9FC	#FFFFFF
2402	#F4E6E4	#FEFEFE
2403	#DCD7EC	#FEFEFE
2404	#DDD8EC	#FEFEFE
2405	#FEFEFE	#FFFFFF
2406	#E4E0F0	#FEFEFE
2407	#FBFAFD	#FFFFFF
2408	#FBFAFD	#FFFFFF
2409	#E6E2F1	#FEFEFE
2410	#FAF9FC	#FFFFFF
2412	#FBF6F5	#FFFFFF
2413	#F8EFED	#FFFFFF
2414	#F1DFDD	#FEFEFE
2415	#ECD5D3	#FEFEFE
2416	#AFA5D3	#FCFCFC
2417	#E4E1F1	#FEFEFE
2418	#E8CDCA	#FEFEFE
2420	#D5CFE8	#FEFEFE
2421	#DCD7EC	#FEFEFE
2422	#EEECF6	#FFFFFF
2423	#F8EEED	#FFFFFF
2424	#F1E0DE	#FEFEFE
2425	#E2C1BC	#FDFDFD
2426	#CBC5E3	#FDFDFD
2427	#FBFBFD	#FFFFFF
2428	#F8EEED	#FFFFFF
2429	#F6F5FA	#FFFFFF
2430	#D9B0AA	#FDFDFD
2431	#FBFAFD	#FFFFFF
2432	#D3A59F	#FCFCFC
2433	#EBD4D0	#FEFEFE
2434	#F1DFDD	#FEFEFE
2435	#F8EFED	#FFFFFF
2436	#EBD4D0	#FEFEFE
2437	#D7D1E9	#FDFDFD
2438	#C3BBDE	#FDFDFD
2439	#FAF9FC	#FFFFFF
2440	#B7AFD8	#FDFDFD
2441	#E8E5F3	#FEFEFE
2442	#FBFBFD	#FFFFFF
2443	#FBF7F6	#FFFFFF
2444	#FBFAFD	#FFFFFF
2445	#FBF6F6	#FFFFFF
2446	#F9F8FC	#FFFFFF
2447	#EBD3D0	#FEFEFE
2448	#EBD4D0	#FEFEFE
2449	#E5E1F1	#FEFEFE
2450	#D5CFE8	#FEFEFE
2451	#F9F1F0	#FFFFFF
2452	#D4A59F	#FCFCFC
2453	#F7ECEB	#FFFFFF
2454	#FBF6F5	#FFFFFF
2455	#D5CFE8	#FEFEFE
2456	#E8E5F3	#FEFEFE
2457	#DDD8EC	#FEFEFE
2458	#D4CFE8	#FEFEFE
2459	#FEFCFC	#FFFFFF
2460	#FBF6F6	#FFFFFF
2461	#FAF9FC	#FFFFFF
2462	#EBD4D0	#FEFEFE
2463	#EFEDF6	#FFFFFF
2464	#E8CECA	#FEFEFE
2465	#E8E5F3	#FEFEFE
2466	#E5E1F1	#FEFEFE
2467	#D9B0AB	#FDFDFD
2468	#F5F4FA	#FFFFFF
2469	#FEFCFC	#FFFFFF
2470	#F1DFDD	#FEFEFE
2471	#FEFDFC	#FFFFFF
2472	#D5CFE8	#FEFEFE
2473	#E9E6F3	#FEFEFE
2474	#F1E0DD	#FEFEFE
2476	#EDEBF5	#FEFEFE
2477	#E6C9C5	#FDFDFD
2478	#F8EEED	#FFFFFF
2479	#CBC5E3	#FDFDFD
2480	#DDD8ED	#FEFEFE
2481	#F1E0DE	#FEFEFE
2482	#EEECF6	#FFFFFF
2483	#F1E0DE	#FEFEFE
2484	#D9B0AA	#FDFDFD
2485	#F5F3FA	#FFFFFF
2486	#FBFBFD	#FFFFFF
2487	#E4E0F0	#FEFEFE
2488	#F1DFDD	#FEFEFE
2489	#F4E6E4	#FEFEFE
2490	#F1DFDD	#FEFEFE
2491	#FDFBFA	#FFFFFF
2492	#FBF6F6	#FFFFFF
2493	#E9E5F3	#FEFEFE
2494	#EEECF6	#FFFFFF
2496	#FAF9FC	#FFFFFF
2497	#EBD3D0	#FEFEFE
2498	#F9F9FC	#FFFFFF
2499	#FAF9FC	#FFFFFF
2500	#F7EDEB	#FFFFFF
2501	#D9B0AB	#FDFDFD
2502	#FAFAFC	#FFFFFF
2503	#FBFBFD	#FFFFFF
2504	#FBF6F6	#FFFFFF
2505	#F6F4FA	#FFFFFF
2506	#F1E0DD	#FEFEFE
2507	#F1DFDD	#FEFEFE
2509	#DDD9ED	#FEFEFE
2510	#D3CDE7	#FDFDFD
2511	#FAF9FC	#FFFFFF
2512	#E8E5F3	#FEFEFE
2513	#DDD8ED	#FEFEFE
2514	#EFECF6	#FEFEFE
2515	#C3BBDE	#FDFDFD
2516	#FBF6F5	#FFFFFF
2517	#D4CEE7	#FDFDFD
2518	#FBF6F6	#FFFFFF
2519	#AEA5D3	#FCFCFC
2521	#D4CEE8	#FDFDFD
2522	#F9F8FC	#FFFFFF
2523	#FAF9FC	#FFFFFF
2524	#E8E5F3	#FEFEFE
2525	#D4CFE8	#FEFEFE
2526	#EDEAF5	#FEFEFE
2527	#EFECF6	#FEFEFE
2528	#F9F9FC	#FFFFFF
2529	#E4E1F1	#FEFEFE
2530	#E5E1F1	#FEFEFE
2531	#D4CFE8	#FEFEFE
2533	#F8EEED	#FFFFFF
2534	#EED9D6	#FEFEFE
2535	#F8EFED	#FFFFFF
2536	#F4E6E4	#FEFEFE
2537	#FBFAFD	#FFFFFF
2538	#EBD4D0	#FEFEFE
2539	#E1BEBA	#FEFEFE
2540	#F7ECEB	#FFFFFF
2541	#AFA5D3	#FCFCFC
2542	#F1DFDD	#FEFEFE
2543	#FAF9FC	#FFFFFF
2544	#F2E1DF	#FEFEFE
2545	#E8CECA	#FEFEFE
2546	#DDD8ED	#FEFEFE
2547	#EFEDF6	#FEFEFE
2548	#ECD5D2	#FEFEFE
2549	#FFFEFE	#FFFFFF
2550	#E8E5F3	#FEFEFE
2552	#CBC4E3	#FDFDFD
2553	#F1EFF7	#FFFFFF
2554	#FAF9FC	#FFFFFF
2555	#DDD8ED	#FEFEFE
2557	#F1E0DD	#FEFEFE
2558	#E5E1F1	#FEFEFE
2559	#F1E0DD	#FEFEFE
2560	#D5CFE8	#FEFEFE
2561	#E9E6F3	#FEFEFE
2562	#E8E5F3	#FEFEFE
2563	#E5E1F1	#FEFEFE
2564	#EEECF6	#FFFFFF
2565	#E9E6F3	#FEFEFE
2566	#FBF5F5	#FFFFFF
2567	#E8E5F3	#FEFEFE
2568	#E1BEBA	#FEFEFE
2570	#FAFAFD	#FFFFFF
2571	#FBF6F5	#FFFFFF
2572	#CBC5E3	#FDFDFD
2573	#E4E1F1	#FEFEFE
2574	#F8EEED	#FFFFFF
2575	#FBFAFD	#FFFFFF
2577	#F8EEED	#FFFFFF
2578	#FAF9FC	#FFFFFF
2579	#F7EDEB	#FFFFFF
2580	#EDEAF5	#FEFEFE
2581	#F8EEEC	#FFFFFF
2582	#EFECF6	#FEFEFE
2583	#FAFAFC	#FFFFFF
2584	#D4CEE8	#FDFDFD
2585	#FBF6F6	#FFFFFF
2586	#FAFAFD	#FFFFFF
2587	#FAF9FC	#FFFFFF
2588	#E1BEBA	#FEFEFE
2589	#DEDAED	#FEFEFE
2590	#FBF6F6	#FFFFFF
2591	#E1BEB9	#FEFEFE
2592	#FCF7F6	#FFFFFF
2593	#D9B0AA	#FDFDFD
2594	#DDD8ED	#FEFEFE
2595	#FBF7F6	#FFFFFF
2596	#AEA5D3	#FCFCFC
2597	#EFEDF7	#FFFFFF
2598	#FBFAFD	#FFFFFF
2599	#D9B0AA	#FDFDFD
2600	#FAFAFC	#FFFFFF
2601	#F8EEED	#FFFFFF
2602	#DCD7EC	#FEFEFE
2603	#D3CEE7	#FDFDFD
2604	#DDD8EC	#FEFEFE
2605	#FBFAFD	#FFFFFF
2606	#FAF9FC	#FFFFFF
2607	#DDD8EC	#FEFEFE
2608	#F1E0DE	#FEFEFE
2609	#F8EEED	#FFFFFF
2610	#F6EBEA	#FFFFFF
2611	#DED9ED	#FEFEFE
2612	#B7AFD8	#FDFDFD
2613	#FBFBFD	#FFFFFF
2614	#F8EEED	#FFFFFF
2615	#D9B0AB	#FDFDFD
2616	#A79ECF	#FBFBFB
2617	#F8EEED	#FFFFFF
2618	#ECD6D3	#FEFEFE
2619	#E9E6F3	#FEFEFE
2620	#EBD4D0	#FEFEFE
2622	#FEFCFC	#FFFFFF
2623	#D8D2EA	#FDFDFD
2624	#EEECF6	#FFFFFF
2625	#F8EEED	#FFFFFF
2626	#EBD4D0	#FEFEFE
2627	#FAF9FC	#FFFFFF
2628	#E5E1F1	#FEFEFE
2629	#AFA6D3	#FCFCFC
2630	#DCD8EC	#FEFEFE
2631	#FAF9FC	#FFFFFF
2632	#F8EEED	#FFFFFF
2633	#E9E6F3	#FEFEFE
2634	#FBFAFD	#FFFFFF
2635	#F1E0DD	#FEFEFE
2637	#E8E5F3	#FEFEFE
2638	#FEFDFD	#FFFFFF
2639	#D4A59F	#FCFCFC
2640	#D4CEE8	#FDFDFD
2641	#CF9D97	#FCFCFC
2642	#FAF9FC	#FFFFFF
2643	#F1E0DE	#FEFEFE
2644	#FEFDFD	#FFFFFF
2645	#F7ECEB	#FFFFFF
2646	#D5CFE8	#FDFDFD
2647	#E5C8C4	#FDFDFD
2648	#F6F5FA	#FFFFFF
2649	#F6F5FA	#FFFFFF
2651	#F8EEED	#FFFFFF
2652	#FAF9FC	#FFFFFF
2653	#D4CFE8	#FEFEFE
2654	#EBD4D0	#FEFEFE
2655	#D5CFE8	#FEFEFE
2656	#F1E0DE	#FEFEFE
2657	#A79ECF	#FBFBFB
2658	#FBFAFD	#FFFFFF
2659	#FAF9FC	#FFFFFF
2660	#F8EEED	#FFFFFF
2661	#ECD5D2	#FEFEFE
2662	#FFFEFE	#FFFFFF
2663	#FEFDFC	#FFFFFF
2665	#DCD8EC	#FEFEFE
2666	#E1BEBA	#FEFEFE
2667	#EFECF6	#FFFFFF
2668	#B7AFD8	#FDFDFD
2669	#F1DFDD	#FEFEFE
2670	#C3BBDE	#FDFDFD
2671	#ECD6D3	#FEFEFE
2672	#F9F8FC	#FFFFFF
2673	#EFECF6	#FEFEFE
2674	#EBD4D0	#FEFEFE
2675	#E6E3F1	#FEFEFE
2676	#F9F1F0	#FFFFFF
2678	#FAF9FC	#FFFFFF
2679	#D3CEE7	#FDFDFD
2680	#E9E5F3	#FEFEFE
2681	#FAF9FC	#FFFFFF
2682	#FEFEFD	#FFFFFF
2683	#E8E5F3	#FEFEFE
2684	#FFFEFE	#FFFFFF
2685	#F8EEED	#FFFFFF
2686	#F1DFDD	#FEFEFE
2687	#E8E5F3	#FEFEFE
2688	#C3BBDE	#FDFDFD
2689	#FBF7F6	#FFFFFF
2690	#EDEAF5	#FEFEFE
2691	#FBF6F5	#FFFFFF
2692	#FBFAFD	#FFFFFF
2693	#F2F1F8	#FFFFFF
2694	#F7ECEB	#FFFFFF
2695	#FBFAFD	#FFFFFF
2696	#EFEDF6	#FFFFFF
2697	#FBFAFD	#FFFFFF
2698	#D3A59F	#FCFCFC
2699	#ECD5D2	#FEFEFE
2700	#ECD6D3	#FEFEFE
2701	#E5E1F1	#FEFEFE
2702	#F8EEED	#FFFFFF
2703	#D9B0AA	#FDFDFD
2704	#FAF9FC	#FFFFFF
2705	#F1E0DD	#FEFEFE
2706	#F8EEED	#FFFFFF
2707	#B8AFD8	#FDFDFD
2708	#EEECF6	#FEFEFE
2709	#C3BBDE	#FDFDFD
2710	#FAF9FC	#FFFFFF
2711	#D4CFE8	#FEFEFE
2712	#CEC8E4	#FCFCFC
2713	#E9E6F3	#FEFEFE
2714	#E8E5F3	#FEFEFE
2715	#FAFAFC	#FFFFFF
2716	#E6E3F2	#FEFEFE
2717	#F2F0F8	#FFFFFF
2718	#EFECF6	#FFFFFF
2719	#FEFDFD	#FFFFFF
2720	#E1BEBA	#FEFEFE
2721	#F8EEED	#FFFFFF
2723	#D7D2E9	#FDFDFD
2724	#EEECF6	#FFFFFF
2725	#FBFAFD	#FFFFFF
2726	#ECD5D2	#FEFEFE
2727	#FBF6F5	#FFFFFF
2728	#ECD5D2	#FEFEFE
2729	#FAF9FC	#FFFFFF
2730	#BDB5DB	#FCFCFC
2731	#E1BEBA	#FEFEFE
2732	#F1DFDD	#FEFEFE
2733	#F8EFED	#FFFFFF
2734	#FEFDFD	#FFFFFF
2735	#FAFAFC	#FFFFFF
2736	#F8EEED	#FFFFFF
2737	#E1BEBA	#FEFEFE
2738	#FBFAFD	#FFFFFF
2739	#E9E6F3	#FEFEFE
2740	#FCFCFD	#FFFFFF
2741	#D1CBE6	#FCFCFC
2742	#FBF5F5	#FFFFFF
2743	#FBF6F6	#FFFFFF
2744	#FEFDFD	#FFFFFF
2745	#B7AED8	#FBFBFB
2746	#E1BEBA	#FEFEFE
2747	#EBD4D0	#FEFEFE
2748	#B9B0D9	#FBFBFB
2749	#E9E5F3	#FEFEFE
2750	#E8E5F3	#FEFEFE
2751	#F9F9FC	#FFFFFF
2752	#DEDAED	#FEFEFE
2753	#F8EEED	#FFFFFF
2754	#E8E5F3	#FEFEFE
2756	#FAF9FC	#FFFFFF
2757	#FBF6F6	#FFFFFF
2758	#F7EEEC	#FFFFFF
2759	#D4CEE7	#FDFDFD
2760	#FBFAFD	#FFFFFF
2761	#FAFAFD	#FFFFFF
2762	#FAFAFD	#FFFFFF
2763	#CCC5E3	#FDFDFD
2764	#F4E5E3	#FEFEFE
2765	#D4CEE8	#FEFEFE
2766	#F6ECEA	#FFFFFF
2767	#D3CDE7	#FCFCFC
2768	#F9F8FC	#FFFFFF
2769	#A79DCF	#FBFBFB
2770	#F1E0DD	#FEFEFE
2771	#D4CFE8	#FEFEFE
2772	#FAF9FC	#FFFFFF
2773	#FBF6F6	#FFFFFF
2774	#F6F5FA	#FFFFFF
2775	#FBF7F6	#FFFFFF
2776	#E8E5F3	#FEFEFE
2777	#F8EEED	#FFFFFF
2779	#EEECF6	#FFFFFF
2780	#F1E0DE	#FEFEFE
2781	#D9B0AA	#FDFDFD
2782	#D4A59F	#FCFCFC
2783	#F7ECEB	#FFFFFF
2784	#C5BDDF	#FCFCFC
2785	#F9F9FC	#FFFFFF
2786	#FBF6F6	#FFFFFF
2787	#E8E5F3	#FEFEFE
2788	#FBFAFD	#FFFFFF
2789	#F8EFED	#FFFFFF
2790	#D4A5A0	#FCFCFC
2791	#DDD8EC	#FEFEFE
2792	#ECD5D2	#FEFEFE
2793	#EBD3D0	#FEFEFE
2794	#FAF9FC	#FFFFFF
2795	#EEECF6	#FFFFFF
2796	#EFECF6	#FFFFFF
2797	#FBF6F5	#FFFFFF
2798	#E9CECB	#FEFEFE
2799	#F7EDEC	#FFFFFF
2800	#EFECF6	#FEFEFE
2801	#FBFAFD	#FFFFFF
2802	#EDEAF5	#FEFEFE
2803	#F8EEED	#FFFFFF
2804	#F1DFDD	#FEFEFE
2805	#E8E5F3	#FEFEFE
2806	#FAF9FC	#FFFFFF
2807	#E8E5F3	#FEFEFE
2808	#E8E5F3	#FEFEFE
2809	#C3BBDE	#FDFDFD
2810	#D4CEE7	#FDFDFD
2811	#EFECF6	#FEFEFE
2813	#FBF6F6	#FFFFFF
2814	#FBFAFD	#FFFFFF
2815	#F7ECEB	#FFFFFF
2816	#EDEAF5	#FEFEFE
2817	#D3CEE7	#FDFDFD
2818	#EEEBF6	#FEFEFE
2819	#F8EEED	#FFFFFF
2820	#B7AFD8	#FDFDFD
2821	#B7AFD8	#FDFDFD
2822	#FBFAFD	#FFFFFF
2824	#FAF9FC	#FFFFFF
2825	#C3BBDE	#FDFDFD
2826	#DDD8EC	#FEFEFE
2827	#D4A5A0	#FCFCFC
2828	#FFFEFE	#FFFFFF
2829	#EBD4D0	#FEFEFE
2830	#F7EDEB	#FFFFFF
2831	#A79DCF	#FBFBFB
2832	#F9F1F0	#FFFFFF
2833	#E1BEBA	#FEFEFE
2834	#EEECF6	#FFFFFF
2835	#F9F8FC	#FFFFFF
2836	#F4E6E4	#FEFEFE
2837	#FAF9FC	#FFFFFF
2838	#F9F9FC	#FFFFFF
2839	#F8EEED	#FFFFFF
2840	#EFEDF6	#FEFEFE
2841	#EBD4D0	#FEFEFE
2842	#F9F9FC	#FFFFFF
2843	#F7ECEB	#FFFFFF
2844	#FBF7F6	#FFFFFF
2845	#FBFAFD	#FFFFFF
2846	#D9B0AA	#FDFDFD
2847	#FAF9FC	#FFFFFF
2848	#F8EEED	#FFFFFF
2849	#FBF6F5	#FFFFFF
2850	#F8EEED	#FFFFFF
2851	#E9E5F3	#FEFEFE
2852	#DDD8ED	#FEFEFE
2853	#FBFAFD	#FFFFFF
2854	#B7AFD8	#FDFDFD
2855	#EFECF6	#FFFFFF
2856	#F6F5FA	#FFFFFF
2857	#E9E5F3	#FEFEFE
2858	#D4CFE8	#FEFEFE
2859	#F9F9FC	#FFFFFF
2860	#C3BBDE	#FDFDFD
2861	#E8E5F3	#FEFEFE
2862	#F4E6E4	#FEFEFE
2863	#F8EEED	#FFFFFF
2864	#C3BBDE	#FDFDFD
2866	#ECD6D3	#FEFEFE
2867	#F9F8FC	#FFFFFF
2868	#CCC5E3	#FDFDFD
2869	#F1DFDD	#FEFEFE
2870	#F7F5FA	#FFFFFF
2871	#E6C9C5	#FDFDFD
2872	#FAFAFC	#FFFFFF
2873	#C3BBDE	#FDFDFD
2874	#AEA5D3	#FCFCFC
2875	#F8EEED	#FFFFFF
2876	#E4E1F1	#FEFEFE
2877	#F1E0DD	#FEFEFE
2878	#EBD4D0	#FEFEFE
2880	#EEECF6	#FFFFFF
2881	#E9E6F3	#FEFEFE
2882	#CCC5E3	#FDFDFD
2883	#DCD7EC	#FEFEFE
2884	#F8EEED	#FFFFFF
2885	#DDD8ED	#FEFEFE
2886	#C3BBDE	#FDFDFD
2887	#D9B0AA	#FDFDFD
2888	#E1BEBA	#FEFEFE
2889	#D6D1E9	#FDFDFD
2890	#D3CEE7	#FDFDFD
2891	#FCFBFD	#FFFFFF
2892	#F1DFDD	#FEFEFE
2893	#D9B0AA	#FDFDFD
2894	#D4A5A0	#FCFCFC
2895	#E6E3F2	#FEFEFE
2896	#FAFAFD	#FFFFFF
2897	#CF9D97	#FCFCFC
2898	#F8EEED	#FFFFFF
2899	#FCFBFD	#FFFFFF
2900	#F1DFDD	#FEFEFE
2901	#F1E0DD	#FEFEFE
2902	#EFDCDA	#FEFEFE
2904	#FBF7F6	#FFFFFF
2905	#FBFBFD	#FFFFFF
2906	#DEDAED	#FEFEFE
2907	#EEECF6	#FFFFFF
2908	#ECD5D2	#FEFEFE
2909	#FAF9FC	#FFFFFF
2910	#D3CEE7	#FDFDFD
2911	#FAFAFC	#FFFFFF
2912	#F8EEED	#FFFFFF
2913	#FBF6F6	#FFFFFF
2914	#E5E1F1	#FEFEFE
2915	#FBF6F5	#FFFFFF
2916	#EBD4D0	#FEFEFE
2917	#E8E5F3	#FEFEFE
2918	#C3BBDE	#FDFDFD
2919	#ECD5D2	#FEFEFE
2920	#ECD5D2	#FEFEFE
2921	#FAFAFD	#FFFFFF
2922	#F8EFED	#FFFFFF
2923	#FAF9FC	#FFFFFF
2925	#D9B0AA	#FDFDFD
2926	#FAF9FC	#FFFFFF
2927	#FAF9FC	#FFFFFF
2928	#E1BEBA	#FEFEFE
2930	#DDD8EC	#FEFEFE
2931	#DED9ED	#FEFEFE
2932	#F8EEED	#FFFFFF
2933	#F8EEED	#FFFFFF
2934	#DCD8EC	#FEFEFE
2935	#F9F8FC	#FFFFFF
2936	#FBFBFD	#FFFFFF
2938	#EFECF6	#FEFEFE
2939	#D9B0AA	#FDFDFD
2940	#FEFCFC	#FFFFFF
2941	#ECD5D2	#FEFEFE
2942	#EFEDF6	#FEFEFE
2943	#FAF9FC	#FFFFFF
2944	#CCC5E3	#FDFDFD
2945	#FBFAFD	#FFFFFF
2946	#D4CFE8	#FEFEFE
2947	#F9F8FC	#FFFFFF
2948	#FBFAFD	#FFFFFF
2949	#FBF6F6	#FFFFFF
2950	#ECD5D2	#FEFEFE
2951	#FAF9FC	#FFFFFF
2952	#DDD8EC	#FEFEFE
2953	#FBFAFD	#FFFFFF
2954	#FAF9FC	#FFFFFF
2955	#A197CC	#FBFBFB
2956	#ECD5D2	#FEFEFE
2957	#EEECF6	#FFFFFF
2958	#C3BBDE	#FDFDFD
2959	#FBF5F4	#FFFFFF
2961	#F9F1F0	#FFFFFF
2962	#B7AFD8	#FDFDFD
2963	#FBFAFD	#FFFFFF
2964	#D4CEE7	#FDFDFD
2965	#E4E0F0	#FEFEFE
2966	#D3A59F	#FCFCFC
2967	#E8CDCA	#FEFEFE
2968	#E5E2F1	#FEFEFE
2969	#FBFAFD	#FFFFFF
2970	#C3BBDE	#FDFDFD
2971	#A79DCF	#FBFBFB
2972	#F0EDF7	#FEFEFE
2973	#FBF6F6	#FFFFFF
2974	#FEFDFD	#FFFFFF
2975	#C4BDDF	#FCFCFC
2976	#E8E5F3	#FEFEFE
2977	#F8EEEC	#FFFFFF
2978	#E8E5F3	#FEFEFE
2979	#AFA6D3	#FCFCFC
2981	#FBF6F5	#FFFFFF
2982	#F4E6E4	#FEFEFE
2983	#EFECF6	#FEFEFE
2984	#DDD8EC	#FEFEFE
2985	#CF9D97	#FCFCFC
2986	#F8EFED	#FFFFFF
2987	#F1DFDD	#FEFEFE
2988	#DDD8EC	#FEFEFE
2989	#F7ECEA	#FFFFFF
2990	#F7ECEB	#FFFFFF
2991	#FAF9FC	#FFFFFF
2992	#F6F5FA	#FFFFFF
2993	#B7AFD8	#FDFDFD
2994	#D4CFE8	#FEFEFE
2995	#B8AFD8	#FDFDFD
2996	#F9F8FC	#FFFFFF
2997	#BDB5DB	#FCFCFC
2998	#FEFDFD	#FFFFFF
2999	#DCD7EC	#FEFEFE
3000	#F7EEEC	#FFFFFF
3001	#F9F2F1	#FFFFFF
3002	#FEFCFC	#FFFFFF
3003	#E8E5F3	#FEFEFE
3004	#D4CEE7	#FDFDFD
3005	#C3BBDE	#FDFDFD
3006	#F8EEED	#FFFFFF
3007	#B1A8D5	#FAFAFA
3008	#E8E5F3	#FEFEFE
3009	#D4CEE7	#FDFDFD
3010	#EBD4D0	#FEFEFE
3011	#F7EEEC	#FFFFFF
3012	#D5CFE8	#FEFEFE
3013	#EEEBF6	#FFFFFF
3014	#EBD4D0	#FEFEFE
3015	#F1DFDD	#FEFEFE
3016	#EEEBF6	#FEFEFE
3017	#D3A59F	#FCFCFC
3018	#FEFCFC	#FFFFFF
3019	#FBF6F5	#FFFFFF
3020	#E8E5F3	#FEFEFE
3021	#FBF7F6	#FFFFFF
3022	#FAFAFC	#FFFFFF
3023	#ECD5D2	#FEFEFE
3024	#F8EEED	#FFFFFF
3026	#F4E5E4	#FEFEFE
3027	#D9AFAA	#FDFDFD
3028	#FBF6F5	#FFFFFF
3029	#F1E0DD	#FEFEFE
3030	#E5C7C3	#FDFDFD
3031	#EEECF6	#FFFFFF
3032	#FEFCFC	#FFFFFF
3033	#F7EEEC	#FFFFFF
3034	#CDC6E4	#FCFCFC
3035	#D4A59F	#FCFCFC
3037	#FAF9FC	#FFFFFF
3038	#DDD8ED	#FEFEFE
3039	#D9B0AB	#FDFDFD
3040	#FBF6F5	#FFFFFF
3041	#FBF6F5	#FFFFFF
3042	#E9E5F3	#FEFEFE
3043	#FBFAFD	#FFFFFF
3044	#EBD4D0	#FEFEFE
3045	#FAF9FC	#FFFFFF
3046	#FBF6F5	#FFFFFF
3047	#F6F4FA	#FFFFFF
3048	#C3BBDE	#FDFDFD
3049	#C5BDDF	#FCFCFC
3050	#D9B0AA	#FDFDFD
3051	#FAF9FC	#FFFFFF
3052	#E4E0F0	#FEFEFE
3053	#BEB6DC	#FCFCFC
3054	#E1BEBA	#FEFEFE
3055	#C3BBDE	#FDFDFD
3056	#C3BBDE	#FDFDFD
3057	#FAF9FC	#FFFFFF
3058	#EFEDF7	#FFFFFF
3059	#F8EEED	#FFFFFF
3060	#EBD4D0	#FEFEFE
3061	#C3BBDE	#FDFDFD
3062	#FAF9FC	#FFFFFF
3063	#ECD5D2	#FEFEFE
3064	#C3BBDE	#FDFDFD
3065	#EEEBF6	#FEFEFE
3066	#D4CEE7	#FDFDFD
3067	#EDD6D3	#FEFEFE
3068	#D4CEE8	#FEFEFE
3069	#D4CFE8	#FEFEFE
3070	#F8EFED	#FFFFFF
3071	#EEECF6	#FFFFFF
3072	#F5E7E6	#FEFEFE
3073	#E6C8C4	#FDFDFD
3074	#CCC6E3	#FDFDFD
3075	#C5BEE0	#FCFCFC
3076	#D4CEE8	#FEFEFE
3077	#FEFDFD	#FFFFFF
3078	#B7AFD8	#FDFDFD
3079	#F1E0DE	#FEFEFE
3080	#FBF6F6	#FFFFFF
3082	#E6E2F1	#FEFEFE
3083	#9A90C8	#FAFAFA
3084	#EEECF6	#FEFEFE
3085	#F9F8FC	#FFFFFF
3087	#FBFAFD	#FFFFFF
3089	#FBFAFD	#FFFFFF
3090	#F1DFDD	#FEFEFE
3091	#FBFAFD	#FFFFFF
3092	#F5F4FA	#FFFFFF
3093	#D5CFE8	#FEFEFE
3094	#EFECF6	#FEFEFE
3095	#FBF6F5	#FFFFFF
3096	#FEFCFC	#FFFFFF
3097	#E1BEBA	#FEFEFE
3098	#F2F0F8	#FEFEFE
3099	#F8EEED	#FFFFFF
3100	#FEFDFD	#FFFFFF
3101	#F1E0DE	#FEFEFE
3102	#E6C9C5	#FDFDFD
3104	#EFECF6	#FEFEFE
3105	#D4CEE8	#FDFDFD
3106	#F1E0DE	#FEFEFE
3107	#B7AFD8	#FBFBFB
3108	#FEFCFC	#FFFFFF
3109	#F8EEED	#FFFFFF
3110	#DDD8EC	#FEFEFE
3111	#B7AFD8	#FDFDFD
3112	#FAF9FC	#FFFFFF
3113	#D9B0AB	#FDFDFD
3114	#D3CEE7	#FDFDFD
3116	#F8EEED	#FFFFFF
3117	#F1DFDD	#FEFEFE
3118	#E4E0F0	#FEFEFE
3119	#F7EEEC	#FFFFFF
3120	#FBFAFD	#FFFFFF
3121	#FAF9FC	#FFFFFF
3122	#E9CECA	#FEFEFE
3123	#CCC5E3	#FDFDFD
3124	#FBF6F5	#FFFFFF
3125	#FBF6F6	#FFFFFF
3127	#E1BEBA	#FEFEFE
3128	#FAF9FC	#FFFFFF
3129	#FAF9FC	#FFFFFF
3130	#F9F2F1	#FFFFFF
3131	#FBFBFD	#FFFFFF
3132	#D4CEE8	#FEFEFE
3133	#F8EEED	#FFFFFF
3134	#F8EEED	#FFFFFF
3135	#D5CFE8	#FDFDFD
3136	#D4CFE8	#FEFEFE
3137	#EFEDF6	#FEFEFE
3138	#F7EDEB	#FFFFFF
3139	#F7EEEC	#FFFFFF
3140	#FAF9FC	#FFFFFF
3141	#FBF6F5	#FFFFFF
3142	#F9F1F0	#FFFFFF
3143	#F7ECEB	#FFFFFF
3144	#FAF9FC	#FFFFFF
3145	#EBD3D0	#FEFEFE
3146	#F7ECEA	#FFFFFF
3147	#D6D0E9	#FDFDFD
3148	#D9B0AA	#FDFDFD
3149	#FAF9FC	#FFFFFF
3150	#CF9D97	#FCFCFC
3151	#FBF6F5	#FFFFFF
3152	#D9AFAA	#FDFDFD
3153	#FBF6F6	#FFFFFF
3154	#E1BEBA	#FEFEFE
3155	#D5CFE8	#FEFEFE
3156	#DDD8ED	#FEFEFE
3157	#A79DCF	#FBFBFB
3158	#FBFAFD	#FFFFFF
3159	#D4CFE8	#FEFEFE
3160	#B7AFD8	#FBFBFB
3161	#E8E5F3	#FEFEFE
3162	#D4CEE8	#FEFEFE
3163	#FAF9FC	#FFFFFF
3164	#EEECF6	#FFFFFF
3165	#AEA5D3	#FCFCFC
3166	#C3BBDE	#FDFDFD
3167	#C3BBDE	#FDFDFD
3168	#A89ECF	#FBFBFB
3169	#F8EEED	#FFFFFF
3170	#FAF9FC	#FFFFFF
3171	#CBC5E3	#FDFDFD
3172	#E9E6F3	#FEFEFE
3173	#A79ECF	#FBFBFB
3174	#F1E0DD	#FEFEFE
3175	#FBF6F6	#FFFFFF
3176	#E1BEB9	#FEFEFE
3177	#CF9E97	#FCFCFC
3178	#F1E0DE	#FEFEFE
3179	#EFECF6	#FEFEFE
3180	#E5E1F1	#FEFEFE
3181	#F6F5FA	#FFFFFF
3183	#F2F0F8	#FFFFFF
3184	#F8EFED	#FFFFFF
3185	#ECD5D2	#FEFEFE
3186	#FAF9FC	#FFFFFF
3187	#FBF6F5	#FFFFFF
3188	#FBF6F5	#FFFFFF
3189	#ECEAF5	#FEFEFE
3190	#CBC5E3	#FDFDFD
3191	#D4A6A0	#FCFCFC
3192	#F3E4E2	#FEFEFE
3193	#B7AFD8	#FDFDFD
3194	#F4E6E4	#FEFEFE
3195	#E9E5F3	#FEFEFE
3196	#E8E5F3	#FEFEFE
3197	#E4E1F1	#FEFEFE
3198	#F7ECEB	#FFFFFF
3199	#E1BEBA	#FEFEFE
3200	#FBF6F6	#FFFFFF
3201	#E1BEBA	#FEFEFE
3202	#F1DFDD	#FEFEFE
3203	#FAF9FC	#FFFFFF
3204	#FAF9FC	#FFFFFF
3205	#E9CECA	#FEFEFE
3206	#C3BBDE	#FDFDFD
3207	#F8EEED	#FFFFFF
3208	#D0CAE5	#FCFCFC
3209	#E5E1F1	#FEFEFE
3210	#D4CFE8	#FEFEFE
3211	#ECD5D2	#FEFEFE
3212	#E9E5F3	#FEFEFE
3213	#F1E0DD	#FEFEFE
3215	#F6F5FA	#FFFFFF
3216	#F6F5FA	#FFFFFF
3217	#C3BBDE	#FDFDFD
3218	#E9E5F3	#FEFEFE
3219	#EEECF6	#FFFFFF
3220	#EEECF6	#FFFFFF
3221	#FBFAFD	#FFFFFF
3222	#E8E5F3	#FEFEFE
3223	#AEA5D3	#FCFCFC
3224	#B7AFD8	#FDFDFD
3225	#DCD7EC	#FEFEFE
3226	#FAF9FC	#FFFFFF
3228	#EFDCDA	#FEFEFE
3229	#FBF6F5	#FFFFFF
3230	#EDEBF5	#FEFEFE
3231	#FBFAFD	#FFFFFF
3232	#E1BEBA	#FEFEFE
3233	#FBFAFD	#FFFFFF
3234	#DCD7EC	#FEFEFE
3235	#D5CFE8	#FEFEFE
3236	#FBF6F6	#FFFFFF
3237	#E8E5F3	#FEFEFE
3238	#DCD7EC	#FEFEFE
3239	#E5E1F1	#FEFEFE
3240	#D5CFE8	#FEFEFE
3241	#EBD4D0	#FEFEFE
3242	#FAFAFC	#FFFFFF
3243	#FBF6F6	#FFFFFF
3244	#FAF9FC	#FFFFFF
3245	#E4E0F0	#FEFEFE
3246	#A89ECF	#FBFBFB
3247	#E1BEBA	#FEFEFE
3248	#EFECF6	#FEFEFE
3249	#E4C5C0	#FDFDFD
3250	#D4CFE8	#FEFEFE
3251	#DBD6EC	#FEFEFE
3252	#AEA5D3	#FCFCFC
3253	#F9F2F0	#FFFFFF
3254	#E9E5F3	#FEFEFE
3255	#D4CFE8	#FDFDFD
3256	#CCC5E3	#FDFDFD
3257	#FAF9FC	#FFFFFF
3258	#B7AFD8	#FDFDFD
3259	#D4CEE7	#FDFDFD
3260	#EFEDF6	#FEFEFE
3261	#E5E1F1	#FEFEFE
3262	#CCC5E3	#FDFDFD
3263	#E9E5F3	#FEFEFE
3264	#FAFAFD	#FFFFFF
3265	#ECD5D2	#FEFEFE
3266	#F9F1F0	#FFFFFF
3267	#EFECF6	#FFFFFF
3268	#D4A5A0	#FCFCFC
3269	#FBF6F6	#FFFFFF
3270	#EFDCDA	#FEFEFE
3271	#E9E5F3	#FEFEFE
3272	#E8E5F3	#FEFEFE
3273	#DDD8EC	#FEFEFE
3274	#EBD4D0	#FEFEFE
3275	#E9E6F3	#FEFEFE
3276	#FAF9FC	#FFFFFF
3277	#DDD8ED	#FEFEFE
3278	#FAF9FC	#FFFFFF
3279	#FAF9FC	#FFFFFF
3280	#EEECF6	#FFFFFF
3281	#F9F2F1	#FFFFFF
3282	#F8EEED	#FFFFFF
3284	#F1E0DD	#FEFEFE
3285	#FBF7F6	#FFFFFF
3287	#EBD4D0	#FEFEFE
3288	#F8EFED	#FFFFFF
3289	#CCC5E3	#FDFDFD
3290	#CBC5E3	#FDFDFD
3291	#FBF6F6	#FFFFFF
3292	#E1BEB9	#FEFEFE
3293	#C3BBDE	#FDFDFD
3294	#EFECF6	#FFFFFF
3295	#FBF6F6	#FFFFFF
3296	#B7AFD8	#FDFDFD
3297	#FEFCFC	#FFFFFF
3298	#FAFAFC	#FFFFFF
3299	#E9CECB	#FEFEFE
3301	#FAF9FC	#FFFFFF
3302	#DDD8EC	#FEFEFE
3303	#FCF7F6	#FFFFFF
3304	#EFECF6	#FEFEFE
3305	#C3BBDE	#FDFDFD
3306	#DDD8EC	#FEFEFE
3307	#FAFAFC	#FFFFFF
3308	#EAE7F4	#FEFEFE
3309	#FBFAFD	#FFFFFF
3310	#C3BBDE	#FDFDFD
3311	#AFA6D3	#FCFCFC
3312	#C3BBDE	#FDFDFD
3313	#C3BBDE	#FDFDFD
3314	#C3BBDE	#FDFDFD
3315	#E8E5F3	#FEFEFE
3316	#FAF9FC	#FFFFFF
3317	#D9B0AB	#FDFDFD
3318	#C3BBDE	#FDFDFD
3319	#EFECF6	#FFFFFF
3320	#D3CEE7	#FDFDFD
3321	#E9E5F3	#FEFEFE
3322	#E9E5F3	#FEFEFE
3323	#D5CFE8	#FEFEFE
3324	#F1E0DD	#FEFEFE
3325	#DDD8EC	#FEFEFE
3326	#E9CECA	#FEFEFE
3327	#D3CDE7	#FDFDFD
3329	#EBD4D0	#FEFEFE
3330	#FEFDFD	#FFFFFF
3331	#D3CDE7	#FDFDFD
3332	#F9F9FC	#FFFFFF
3333	#F9F8FC	#FFFFFF
3334	#DCD8EC	#FEFEFE
3335	#FBF6F6	#FFFFFF
3336	#F8EEED	#FFFFFF
3337	#FBFAFD	#FFFFFF
3338	#F1E0DD	#FEFEFE
3339	#A79ECF	#FBFBFB
3340	#F2F0F8	#FEFEFE
3341	#D4CFE8	#FEFEFE
3342	#D4CEE8	#FEFEFE
3343	#E1BEBA	#FEFEFE
3344	#F1E0DD	#FEFEFE
3345	#F4E6E4	#FEFEFE
3346	#E5E1F1	#FEFEFE
3347	#DDD8EC	#FEFEFE
3348	#E6C8C5	#FDFDFD
3349	#F1E0DE	#FEFEFE
3350	#E8CDCA	#FEFEFE
3351	#FEFDFD	#FFFFFF
3352	#B7AFD8	#FDFDFD
3353	#DDD8EC	#FEFEFE
3354	#EEECF6	#FFFFFF
3355	#E1BEBA	#FEFEFE
3356	#DDD9ED	#FEFEFE
3357	#F8EEED	#FFFFFF
3358	#E8E5F3	#FEFEFE
3359	#D9AFAA	#FDFDFD
3360	#D9B0AB	#FDFDFD
3361	#E3DFF0	#FEFEFE
3362	#D9B0AB	#FDFDFD
3363	#F8EFED	#FFFFFF
3364	#D4CFE8	#FEFEFE
3365	#E9E5F3	#FEFEFE
3366	#E6E2F1	#FEFEFE
3367	#DDD8EC	#FEFEFE
3368	#F1E0DD	#FEFEFE
3369	#E8E5F3	#FEFEFE
3370	#F7EDEC	#FFFFFF
3371	#AEA5D3	#FCFCFC
3372	#D4CFE8	#FEFEFE
3373	#F9F1F0	#FFFFFF
3374	#DDD8EC	#FEFEFE
3375	#D5CFE8	#FEFEFE
3376	#FAF9FC	#FFFFFF
3377	#E9E5F3	#FEFEFE
3378	#F7EDEB	#FFFFFF
3379	#D9AFAA	#FDFDFD
3380	#D5CFE8	#FEFEFE
3381	#DDD8EC	#FEFEFE
3382	#FBFAFD	#FFFFFF
3383	#E9E5F3	#FEFEFE
3385	#E2DEEF	#FDFDFD
3386	#F9F8FC	#FFFFFF
3387	#EAE7F4	#FEFEFE
3388	#E1BEBA	#FEFEFE
3389	#F9F1F0	#FFFFFF
3390	#EED9D6	#FEFEFE
3391	#FAF4F3	#FFFFFF
3392	#F6F4FA	#FFFFFF
3393	#E8CDCA	#FEFEFE
3394	#F9F8FC	#FFFFFF
3395	#F9F1F0	#FFFFFF
3396	#F6F4FA	#FFFFFF
3397	#FBFAFD	#FFFFFF
3398	#F8EEED	#FFFFFF
3399	#F4E5E4	#FEFEFE
3400	#F6F5FA	#FFFFFF
3401	#EFECF6	#FFFFFF
3402	#F9F8FC	#FFFFFF
3403	#C4BDDF	#FCFCFC
3404	#EDEAF5	#FEFEFE
3405	#F0EEF7	#FFFFFF
3406	#F6F5FA	#FFFFFF
3407	#A197CC	#FBFBFB
3408	#E5E2F1	#FEFEFE
3409	#FBFAFD	#FFFFFF
3410	#FAFAFD	#FFFFFF
3411	#FBF6F6	#FFFFFF
3412	#F7EDEC	#FEFEFE
3413	#F9F9FC	#FFFFFF
3414	#CDC6E4	#FCFCFC
3415	#FBFAFD	#FFFFFF
3416	#FBFBFD	#FFFFFF
3417	#FBF6F5	#FFFFFF
3418	#F1E0DE	#FEFEFE
3419	#F9F8FC	#FFFFFF
3420	#E8CDC9	#FEFEFE
3421	#F7F5FA	#FFFFFF
3422	#EFEDF6	#FEFEFE
3423	#F9F1F0	#FFFFFF
3424	#F8EEED	#FFFFFF
3425	#EBD4D0	#FEFEFE
3426	#F8EEED	#FFFFFF
3427	#F5F4FA	#FFFFFF
3428	#F1E0DE	#FEFEFE
3430	#E7E4F2	#FEFEFE
3431	#FBFBFD	#FFFFFF
3432	#E5E1F1	#FEFEFE
3433	#F2F0F8	#FFFFFF
3434	#F7EDEC	#FEFEFE
3435	#FAF3F3	#FFFFFF
3436	#DDD9ED	#FDFDFD
3437	#F6F5FA	#FFFFFF
3438	#EDEAF5	#FEFEFE
3439	#E5E1F1	#FEFEFE
3440	#F7ECEB	#FFFFFF
3441	#FCF8F8	#FFFFFF
3442	#F9F1F0	#FFFFFF
3443	#FEFCFC	#FFFFFF
3444	#E6C8C4	#FDFDFD
3445	#E8E5F3	#FEFEFE
3446	#F7EDEC	#FEFEFE
3447	#F9F1F0	#FFFFFF
3448	#ECEAF5	#FEFEFE
3449	#DCD7EC	#FEFEFE
3450	#F2F0F8	#FFFFFF
3451	#C7C0E0	#FCFCFC
3452	#D4CEE8	#FEFEFE
3453	#EEECF6	#FEFEFE
3454	#F4E6E4	#FEFEFE
3455	#F1E0DE	#FEFEFE
3456	#EBD4D0	#FEFEFE
3457	#FAF9FC	#FFFFFF
3458	#FAFAFC	#FFFFFF
3459	#F2F0F8	#FFFFFF
3460	#F1E0DE	#FEFEFE
3461	#E4E1F1	#FEFEFE
3462	#E8E5F3	#FEFEFE
3463	#EEEBF6	#FFFFFF
3464	#FAF9FC	#FFFFFF
3465	#DDD8EC	#FEFEFE
3466	#F9F8FC	#FFFFFF
3467	#DEB9B4	#FCFCFC
3468	#FAF9FC	#FFFFFF
3469	#FAFAFD	#FFFFFF
3470	#F2E2DF	#FEFEFE
3471	#FBF6F6	#FFFFFF
3472	#FBF6F6	#FFFFFF
3473	#FEFEFE	#FFFFFF
3474	#D5CFE8	#FEFEFE
3475	#EBD3D0	#FEFEFE
3476	#F8EEED	#FFFFFF
3477	#FBFAFD	#FFFFFF
3478	#FDFDFE	#FFFFFF
3479	#DDD8EC	#FEFEFE
3480	#C2BBDE	#FBFBFB
3481	#FBF6F5	#FFFFFF
3482	#F2F0F8	#FEFEFE
3483	#EED8D6	#FEFEFE
3484	#FEFDFD	#FFFFFF
3486	#C3BBDE	#FDFDFD
3487	#E5E1F1	#FEFEFE
3488	#B7AFD8	#FDFDFD
3489	#FAFAFC	#FFFFFF
3490	#DDD8EC	#FEFEFE
3491	#FBFBFD	#FFFFFF
3492	#E8CDCA	#FEFEFE
3493	#F2E1DF	#FEFEFE
3494	#D3A59F	#FCFCFC
3495	#EEECF6	#FFFFFF
3496	#F1E0DE	#FEFEFE
3497	#F8EEED	#FFFFFF
3498	#D4A5A0	#FCFCFC
3499	#D1CBE6	#FCFCFC
3500	#D3A59F	#FCFCFC
3501	#EBD4D0	#FEFEFE
3502	#C3BBDE	#FDFDFD
3503	#FBFAFD	#FFFFFF
3504	#D4CFE8	#FEFEFE
3505	#EFECF6	#FFFFFF
3506	#F7ECEB	#FFFFFF
3508	#B8AFD8	#FBFBFB
3509	#F6F4FA	#FFFFFF
3510	#ECD5D2	#FEFEFE
3511	#F7EEEC	#FFFFFF
3512	#F9F8FC	#FFFFFF
3513	#FBF7F6	#FFFFFF
3514	#F8EEED	#FFFFFF
3515	#D4A5A0	#FCFCFC
3516	#DCD7EC	#FEFEFE
3517	#A79DCF	#FBFBFB
3518	#B8AFD8	#FDFDFD
3519	#FAF9FC	#FFFFFF
3520	#E9E5F3	#FEFEFE
3521	#B8AFD8	#FDFDFD
3522	#EEECF6	#FFFFFF
3523	#DDD8ED	#FEFEFE
3524	#D4CFE8	#FEFEFE
3525	#D5CFE8	#FEFEFE
3526	#E1BEBA	#FEFEFE
3527	#C3BBDE	#FDFDFD
3528	#D9B0AB	#FDFDFD
3529	#DDD8ED	#FEFEFE
3531	#B7AFD8	#FDFDFD
3532	#E8CDCA	#FEFEFE
3533	#DCD7EC	#FEFEFE
3534	#FAF9FC	#FFFFFF
3535	#D5CFE8	#FEFEFE
3536	#F8EEED	#FFFFFF
3537	#E8CECA	#FEFEFE
3538	#F8EFED	#FFFFFF
3539	#EBD4D0	#FEFEFE
3540	#FEFCFC	#FFFFFF
3541	#FBF6F6	#FFFFFF
3542	#B9B0D9	#FBFBFB
3543	#F8EEED	#FFFFFF
3544	#CBC5E3	#FDFDFD
3545	#F1E0DD	#FEFEFE
3546	#DDD8EC	#FEFEFE
3547	#F1DFDD	#FEFEFE
3548	#FDFAFA	#FFFFFF
3549	#AEA5D3	#FCFCFC
3550	#AFA6D3	#FCFCFC
3551	#E4E1F1	#FEFEFE
3552	#FAF9FC	#FFFFFF
3553	#F8EEED	#FFFFFF
3554	#D5CFE8	#FEFEFE
3555	#A197CC	#FBFBFB
3556	#FBF6F6	#FFFFFF
3557	#F8EEED	#FFFFFF
3558	#DDD8EC	#FEFEFE
3559	#EBD4D0	#FEFEFE
3560	#E6E2F1	#FEFEFE
3561	#FAFAFC	#FFFFFF
3562	#DDD8ED	#FEFEFE
3563	#CCC5E3	#FDFDFD
3564	#E8E5F3	#FEFEFE
3565	#FAFAFC	#FFFFFF
3566	#CF9D96	#FCFCFC
3567	#ECD5D2	#FEFEFE
3568	#DCD7EC	#FEFEFE
3569	#E1BEB9	#FEFEFE
3570	#AFA6D3	#FCFCFC
3571	#D9B0AA	#FDFDFD
3572	#FBFAFD	#FFFFFF
3573	#B7AFD8	#FDFDFD
3574	#D5CFE8	#FEFEFE
3575	#FBFAFD	#FFFFFF
3576	#F1E0DD	#FEFEFE
3577	#EEECF6	#FFFFFF
3578	#EBD4D0	#FEFEFE
3579	#A79DCF	#FBFBFB
3580	#EEECF6	#FFFFFF
3582	#F8EEED	#FFFFFF
3583	#E9E6F3	#FEFEFE
3584	#E9E5F3	#FEFEFE
3585	#FBFAFD	#FFFFFF
3587	#FBFAFD	#FFFFFF
3588	#F8EEED	#FFFFFF
3589	#DEDAED	#FEFEFE
3590	#E6E3F2	#FEFEFE
3591	#F1E0DE	#FEFEFE
3592	#E6C9C5	#FDFDFD
3593	#D8D2EA	#FDFDFD
3594	#DEDAED	#FEFEFE
3595	#E9E5F3	#FEFEFE
3596	#F6F4FA	#FFFFFF
3597	#ECD6D3	#FEFEFE
3598	#FBFAFD	#FFFFFF
3599	#E9E5F3	#FEFEFE
3600	#CCC5E3	#FDFDFD
3601	#FEFDFC	#FFFFFF
3602	#EFECF6	#FFFFFF
3603	#F9F1F0	#FFFFFF
3604	#E5E1F1	#FEFEFE
3605	#F8EFED	#FFFFFF
3606	#FBFAFD	#FFFFFF
3607	#D5CFE8	#FEFEFE
3608	#F3E5E3	#FEFEFE
3609	#F9F9FC	#FFFFFF
3610	#D9AFAA	#FDFDFD
3611	#FAFAFC	#FFFFFF
3612	#E5E2F1	#FEFEFE
3613	#E4C4C0	#FDFDFD
3614	#F9F1F0	#FFFFFF
3615	#FBF6F5	#FFFFFF
3616	#EDEBF5	#FEFEFE
3617	#DDD8EC	#FEFEFE
3618	#EEECF6	#FFFFFF
3619	#FBF6F5	#FFFFFF
3620	#AFA6D3	#FCFCFC
3621	#E5E1F1	#FEFEFE
3622	#C3BBDE	#FDFDFD
3623	#B7AFD8	#FDFDFD
3624	#EDEAF5	#FEFEFE
3625	#FBFAFD	#FFFFFF
3626	#E9E6F3	#FEFEFE
3627	#DDD8ED	#FEFEFE
3628	#E9E6F3	#FEFEFE
3629	#A79ECF	#FBFBFB
3630	#B7AFD8	#FDFDFD
3632	#EBD4D0	#FEFEFE
3633	#C3BBDE	#FDFDFD
3634	#C3BBDE	#FDFDFD
3635	#E1BEBA	#FEFEFE
3636	#DDD8ED	#FEFEFE
3637	#CBC5E3	#FDFDFD
3638	#FEFCFC	#FFFFFF
3639	#DDD8EC	#FEFEFE
3640	#DCD7EC	#FEFEFE
3641	#F2F0F8	#FFFFFF
3642	#EFEDF6	#FEFEFE
3643	#E4E1F1	#FEFEFE
3644	#E5E1F1	#FEFEFE
3645	#E1BEBA	#FEFEFE
3646	#ECD5D2	#FEFEFE
3647	#E4E1F1	#FEFEFE
3648	#E1BEBA	#FEFEFE
3649	#A79DCF	#FBFBFB
3650	#F1DFDD	#FEFEFE
3651	#F1E0DE	#FEFEFE
3652	#F1DFDD	#FEFEFE
3653	#E9E5F3	#FEFEFE
3654	#F7ECEB	#FFFFFF
3655	#F4E7E5	#FEFEFE
3656	#F1E0DE	#FEFEFE
3658	#E8E5F3	#FEFEFE
3659	#D4CFE8	#FEFEFE
3660	#F8EEED	#FFFFFF
3661	#FBF6F5	#FFFFFF
3662	#EEECF6	#FFFFFF
3663	#ECD5D2	#FEFEFE
3664	#E5C7C3	#FDFDFD
3665	#CBC5E3	#FDFDFD
3666	#E8E5F3	#FEFEFE
3667	#EFECF6	#FEFEFE
3668	#E5E1F1	#FEFEFE
3669	#F8EEED	#FFFFFF
3670	#FAF9FC	#FFFFFF
3671	#C3BBDE	#FDFDFD
3672	#F8EEED	#FFFFFF
3673	#D4A5A0	#FCFCFC
3674	#E9E6F3	#FEFEFE
3675	#FAF9FC	#FFFFFF
3676	#EBD4D0	#FEFEFE
3677	#DCD7EC	#FEFEFE
3678	#FAFAFC	#FFFFFF
3679	#F8EEED	#FFFFFF
3680	#E8E5F3	#FEFEFE
3681	#DCD8EC	#FEFEFE
3682	#F7ECEB	#FFFFFF
3683	#D3A59F	#FCFCFC
3684	#AEA5D3	#FCFCFC
3685	#E1BEBA	#FEFEFE
3686	#E8E5F3	#FEFEFE
3688	#FBF6F6	#FFFFFF
3689	#E4E0F0	#FEFEFE
3690	#EBD4D0	#FEFEFE
3691	#F7EDEB	#FEFEFE
3692	#D4CFE8	#FDFDFD
3693	#EFEDF7	#FEFEFE
3694	#CBC5E3	#FDFDFD
3695	#DDD8ED	#FEFEFE
3696	#DCD7EC	#FEFEFE
3697	#E9CECB	#FEFEFE
3698	#AFA6D3	#FCFCFC
3699	#D9B0AA	#FDFDFD
3700	#F1DFDD	#FEFEFE
3701	#EBD4D0	#FEFEFE
3702	#D9B0AB	#FDFDFD
3703	#ECD5D2	#FEFEFE
3704	#FBF7F6	#FFFFFF
3705	#E8E5F3	#FEFEFE
3706	#A79DCF	#FBFBFB
3707	#FAF9FC	#FFFFFF
3708	#FBFAFD	#FFFFFF
3709	#F2F0F8	#FFFFFF
3710	#FBFAFD	#FFFFFF
3712	#C3BBDE	#FDFDFD
3713	#EAE7F4	#FEFEFE
3714	#ECD5D2	#FEFEFE
3715	#FBF7F6	#FFFFFF
3716	#FAF9FC	#FFFFFF
3717	#C5BEE0	#FCFCFC
3718	#CCC6E3	#FDFDFD
3719	#FBFAFD	#FFFFFF
3720	#EFECF6	#FFFFFF
3721	#FBFBFD	#FFFFFF
3722	#F8EEED	#FFFFFF
3723	#EEECF6	#FFFFFF
3724	#D3CEE7	#FDFDFD
3725	#EBD3D0	#FEFEFE
3726	#D4CFE8	#FEFEFE
3727	#E8E5F3	#FEFEFE
3728	#E1BEB9	#FEFEFE
3729	#D9B0AA	#FDFDFD
3730	#D4CFE8	#FEFEFE
3731	#FAF9FC	#FFFFFF
3733	#FBFAFD	#FFFFFF
3734	#F8EEED	#FFFFFF
3735	#E1BEBA	#FEFEFE
3736	#F7ECEB	#FFFFFF
3737	#F8EEED	#FFFFFF
3738	#E9E5F3	#FEFEFE
3739	#CBC4E3	#FDFDFD
3740	#F1DFDD	#FEFEFE
3741	#FEFCFC	#FFFFFF
3742	#ECD5D2	#FEFEFE
3743	#F9F8FC	#FFFFFF
3744	#DCD8EC	#FEFEFE
3745	#F1E0DE	#FEFEFE
3746	#DEDAED	#FEFEFE
3747	#F1DFDD	#FEFEFE
3748	#D9B0AB	#FDFDFD
3749	#FFFFFF	#FFFFFF
3751	#AEA5D3	#FCFCFC
3752	#FAF9FC	#FFFFFF
3753	#C3BBDE	#FDFDFD
3754	#F1DFDD	#FEFEFE
3755	#E8CECA	#FEFEFE
3756	#F9F8FC	#FFFFFF
3757	#FBF5F5	#FFFFFF
3758	#B7AFD8	#FDFDFD
3760	#FBFAFD	#FFFFFF
3761	#C9928C	#FBFBFB
3762	#E6C8C5	#FDFDFD
3763	#F2F0F8	#FFFFFF
3764	#D9B0AB	#FDFDFD
3765	#D3CDE7	#FDFDFD
3766	#FAF9FC	#FFFFFF
3767	#F6F5FA	#FFFFFF
3768	#D4CFE8	#FDFDFD
3769	#E6C9C5	#FDFDFD
3770	#C4BCDF	#FCFCFC
3771	#C3BBDE	#FDFDFD
3772	#FAF9FC	#FFFFFF
3773	#C5BEE0	#FCFCFC
3774	#E5E1F1	#FEFEFE
3775	#D9AFAA	#FDFDFD
3776	#D5CFE8	#FEFEFE
3777	#D4CFE8	#FEFEFE
3778	#F8EFED	#FFFFFF
3779	#D9AFAA	#FDFDFD
3780	#D3CEE7	#FDFDFD
3781	#DED9ED	#FEFEFE
3782	#FBFAFD	#FFFFFF
3783	#E1BEB9	#FEFEFE
3784	#B7AFD8	#FDFDFD
3785	#FAF9FC	#FFFFFF
3786	#FBF6F5	#FFFFFF
3787	#CCC5E3	#FDFDFD
3789	#F6F4FA	#FFFFFF
3790	#E9CECA	#FEFEFE
3791	#E4E1F1	#FEFEFE
3792	#FAF9FC	#FFFFFF
3793	#C4BCDF	#FCFCFC
3794	#D4CFE8	#FDFDFD
3795	#F9F8FC	#FFFFFF
3796	#EDEAF5	#FEFEFE
3797	#ECD5D2	#FEFEFE
3798	#E9CECB	#FEFEFE
3799	#E9CECB	#FEFEFE
3800	#E8E5F3	#FEFEFE
3801	#CBC5E3	#FDFDFD
3802	#DDD8EC	#FEFEFE
3803	#E1BEBA	#FEFEFE
3804	#EEECF6	#FFFFFF
3805	#FBF5F4	#FFFFFF
3806	#E4C4C0	#FDFDFD
3807	#DDD8ED	#FEFEFE
3808	#ECD6D3	#FEFEFE
3809	#DCD8EC	#FEFEFE
3810	#DDD8EC	#FEFEFE
3811	#E6E2F1	#FEFEFE
3812	#C3BBDE	#FDFDFD
3813	#C3BBDE	#FDFDFD
3814	#FBF6F5	#FFFFFF
3815	#D4CFE8	#FEFEFE
3816	#F1E0DD	#FEFEFE
3817	#FBFAFD	#FFFFFF
3818	#FBF6F5	#FFFFFF
3819	#D4CEE8	#FEFEFE
3821	#C3BBDE	#FDFDFD
3822	#C3BBDE	#FDFDFD
3823	#EBD4D0	#FEFEFE
3824	#DDD8EC	#FEFEFE
3825	#FAF9FC	#FFFFFF
3827	#E9E5F3	#FEFEFE
3828	#E4E1F1	#FEFEFE
3829	#E1BEBA	#FEFEFE
3830	#CF9D97	#FCFCFC
3831	#F6F5FA	#FFFFFF
3832	#F6F5FA	#FFFFFF
3834	#EEECF6	#FFFFFF
3835	#E9E5F3	#FEFEFE
3836	#FAF9FC	#FFFFFF
3837	#D5CFE8	#FDFDFD
3838	#E1BEBA	#FEFEFE
3839	#E8E5F3	#FEFEFE
3840	#EFDCD9	#FEFEFE
3841	#ECD5D2	#FEFEFE
3842	#F1E0DD	#FEFEFE
3843	#FCFBFD	#FFFFFF
3844	#E6C8C5	#FDFDFD
3845	#ECD4D1	#FEFEFE
3846	#FBF6F5	#FFFFFF
3847	#F9F8FC	#FFFFFF
3848	#ECD5D2	#FEFEFE
3849	#ECD6D3	#FEFEFE
3850	#E1BEB9	#FEFEFE
3851	#ECD5D2	#FEFEFE
3853	#F1DFDD	#FEFEFE
3854	#E8E5F3	#FEFEFE
3855	#CCC5E3	#FDFDFD
3856	#FAF9FC	#FFFFFF
3857	#E7E3F2	#FEFEFE
3858	#FBFAFD	#FFFFFF
3859	#D5CFE8	#FEFEFE
3860	#CCC5E3	#FDFDFD
3861	#D9AFAA	#FDFDFD
3862	#F2F0F8	#FEFEFE
3863	#FBF6F6	#FFFFFF
3864	#EFDCD9	#FEFEFE
3865	#D4CFE8	#FEFEFE
3866	#FAFAFC	#FFFFFF
3867	#F8EFED	#FFFFFF
3868	#B7AED8	#FDFDFD
3869	#F7ECEB	#FFFFFF
3870	#FEFDFD	#FFFFFF
3871	#EFECF6	#FFFFFF
3872	#D5CFE8	#FEFEFE
3873	#FBF7F6	#FFFFFF
3874	#D4A6A0	#FCFCFC
3875	#D3CEE7	#FDFDFD
3876	#AEA5D3	#FCFCFC
3877	#D5CFE8	#FEFEFE
3879	#EBD4D0	#FEFEFE
3880	#B7AFD8	#FDFDFD
3881	#FAF9FC	#FFFFFF
3882	#C3BBDE	#FDFDFD
3883	#FCFBFD	#FFFFFF
3884	#E1BEBA	#FEFEFE
3885	#F7ECEB	#FFFFFF
3886	#D5CFE8	#FEFEFE
3888	#FBF6F6	#FFFFFF
3890	#D9B0AB	#FDFDFD
3891	#E2C1BC	#FDFDFD
3892	#FAF9FC	#FFFFFF
3893	#FAF9FC	#FFFFFF
3894	#EEEBF6	#FFFFFF
3895	#E5E1F1	#FEFEFE
3896	#E3DFF0	#FEFEFE
3897	#DEDAED	#FEFEFE
3898	#EFDCD9	#FEFEFE
3899	#CCC5E3	#FDFDFD
3900	#F1E0DE	#FEFEFE
3901	#E1BEBA	#FEFEFE
3902	#F2F0F8	#FEFEFE
3903	#E5E2F1	#FEFEFE
3904	#E1BEBA	#FEFEFE
3905	#E3C3BF	#FDFDFD
3906	#E4E1F1	#FEFEFE
3907	#FBFAFD	#FFFFFF
3908	#C3BBDE	#FDFDFD
3909	#AFA6D3	#FCFCFC
3910	#D5CFE8	#FEFEFE
3911	#E6E3F1	#FEFEFE
3912	#E9E5F3	#FEFEFE
3913	#F7ECEA	#FFFFFF
3914	#C3BBDE	#FDFDFD
3915	#EBD4D0	#FEFEFE
3916	#F7ECEB	#FFFFFF
3917	#F3F1F9	#FFFFFF
3918	#E1BEBA	#FEFEFE
3919	#E9E5F3	#FEFEFE
3920	#D9B0AB	#FDFDFD
3921	#DCD7EC	#FEFEFE
3922	#FAF9FC	#FFFFFF
3923	#C3BBDE	#FDFDFD
3924	#DEDAED	#FEFEFE
3925	#FBFAFD	#FFFFFF
3926	#E5E1F1	#FEFEFE
3927	#FBFAFD	#FFFFFF
3928	#EFECF6	#FEFEFE
3929	#D5CFE8	#FEFEFE
3930	#E5E1F1	#FEFEFE
3931	#FBFAFD	#FFFFFF
3932	#FAF9FC	#FFFFFF
3933	#958AC5	#F9F9F9
3935	#F9F8FC	#FFFFFF
3936	#A79DCF	#FBFBFB
3937	#F9F8FC	#FFFFFF
3938	#F1DFDD	#FEFEFE
3939	#E6C8C4	#FDFDFD
3940	#E1BEBA	#FEFEFE
3941	#EFEDF6	#FEFEFE
3942	#ECD5D3	#FEFEFE
3943	#D4A6A0	#FCFCFC
3944	#D3CDE7	#FDFDFD
3945	#CCC5E3	#FDFDFD
3946	#FBF6F6	#FFFFFF
3947	#F7EDEB	#FFFFFF
3948	#E9E6F3	#FEFEFE
3949	#F3F1F8	#FFFFFF
3950	#F1E0DD	#FEFEFE
3951	#D4CFE8	#FEFEFE
3952	#E4E0F0	#FEFEFE
3953	#FAF9FC	#FFFFFF
3954	#DBD6EC	#FEFEFE
3955	#D3A59F	#FCFCFC
3956	#E9E5F3	#FEFEFE
3957	#F9F8FC	#FFFFFF
3958	#E0BEB9	#FEFEFE
3959	#EBD4D0	#FEFEFE
3960	#E9E6F3	#FEFEFE
3961	#EFECF6	#FFFFFF
3962	#F4E5E4	#FEFEFE
3963	#D4A59F	#FCFCFC
3964	#E4C4C0	#FDFDFD
3965	#E1BEBA	#FEFEFE
3966	#F1DFDD	#FEFEFE
3967	#F8EEED	#FFFFFF
3968	#C3BBDE	#FDFDFD
3969	#EBD4D0	#FEFEFE
3970	#F7ECEB	#FFFFFF
3971	#EEECF6	#FFFFFF
3972	#FAFAFC	#FFFFFF
3973	#F8EEED	#FFFFFF
3974	#CCC5E3	#FDFDFD
3975	#DBD7EC	#FEFEFE
3976	#E4E0F0	#FEFEFE
3977	#FEFDFD	#FFFFFF
3979	#D4CEE8	#FEFEFE
3981	#CCC5E3	#FDFDFD
3982	#EEECF6	#FFFFFF
3983	#EEEBF6	#FFFFFF
3984	#C4BCDF	#FCFCFC
3985	#FAFAFD	#FFFFFF
3986	#CC9791	#FCFCFC
3987	#E8CDCA	#FEFEFE
3988	#E5E1F1	#FEFEFE
3989	#ECD5D2	#FEFEFE
3991	#FCFCFD	#FFFFFF
3992	#E8CDCA	#FEFEFE
3993	#DDD8EC	#FEFEFE
3994	#D9B0AA	#FDFDFD
3995	#ECD5D2	#FEFEFE
3996	#F8EEED	#FFFFFF
3997	#DDD8EC	#FDFDFD
3998	#E6C9C5	#FDFDFD
3999	#FFFFFF	#FFFFFF
4000	#C3BBDE	#FDFDFD
4001	#E8CDCA	#FEFEFE
4002	#CBC5E3	#FDFDFD
4003	#FEFDFC	#FFFFFF
4004	#EFEDF6	#FFFFFF
4005	#E1BEBA	#FEFEFE
4006	#E8E5F3	#FEFEFE
4007	#E1BEBA	#FEFEFE
4008	#AFA6D3	#FCFCFC
4009	#FBF5F4	#FFFFFF
4010	#FAF9FC	#FFFFFF
4011	#FBF6F5	#FFFFFF
4012	#FEFCFC	#FFFFFF
4013	#EFECF6	#FFFFFF
4014	#FCF7F7	#FFFFFF
4015	#FAF9FC	#FFFFFF
4016	#F7EDEB	#FFFFFF
4017	#FAF9FC	#FFFFFF
4018	#F1E0DE	#FEFEFE
4019	#DED9ED	#FEFEFE
4020	#E8E5F3	#FEFEFE
4021	#CC9791	#FCFCFC
4022	#AEA5D3	#FCFCFC
4023	#C3BBDE	#FDFDFD
4024	#B7AED8	#FDFDFD
4025	#D3CEE7	#FDFDFD
4026	#D4CEE7	#FDFDFD
4027	#FEFDFD	#FFFFFF
4028	#D5CFE8	#FEFEFE
4029	#F1E0DE	#FEFEFE
4030	#F8EEED	#FFFFFF
4031	#B7AFD8	#FDFDFD
4032	#EFEDF6	#FEFEFE
4033	#F9F9FC	#FFFFFF
4034	#FBF6F6	#FFFFFF
4036	#F7F5FB	#FFFFFF
4037	#EEECF6	#FFFFFF
4038	#ECD4D1	#FEFEFE
4039	#FAF9FC	#FFFFFF
4040	#FAF9FC	#FFFFFF
4042	#FFFEFE	#FFFFFF
4043	#F2F0F8	#FFFFFF
4044	#E5E2F1	#FEFEFE
4045	#FFFFFF	#FFFFFF
4046	#FAFAFC	#FFFFFF
4047	#FDFBFA	#FFFFFF
4048	#E2DEEF	#FDFDFD
4049	#FEFDFD	#FFFFFF
4050	#EFECF6	#FEFEFE
4051	#EFECF6	#FEFEFE
4052	#F6F5FA	#FFFFFF
4053	#F1E0DD	#FEFEFE
4054	#B2A9D5	#FAFAFA
4055	#B7AED8	#FDFDFD
4056	#FEFEFD	#FFFFFF
4057	#E6E2F1	#FEFEFE
4058	#ECEAF5	#FEFEFE
4059	#FEFCFC	#FFFFFF
4060	#C3BBDE	#FDFDFD
4061	#DCD7EC	#FEFEFE
4062	#ECD5D2	#FEFEFE
4063	#D3CDE7	#FDFDFD
4064	#E9E5F3	#FEFEFE
4065	#E6E3F1	#FEFEFE
4066	#E6C9C5	#FDFDFD
4067	#FCFBFD	#FFFFFF
4068	#F4E6E4	#FEFEFE
4069	#FEFDFD	#FFFFFF
4070	#DFDAEE	#FEFEFE
4071	#E8E5F3	#FEFEFE
4072	#F1E0DD	#FEFEFE
4073	#E6C9C5	#FDFDFD
4074	#958BC5	#F9F9F9
4075	#E8E5F3	#FEFEFE
4076	#FDFBFA	#FFFFFF
4077	#D3CEE7	#FDFDFD
4078	#FBF6F5	#FFFFFF
4079	#CB9690	#FCFCFC
4080	#958AC5	#F9F9F9
4081	#EFECF6	#FFFFFF
4082	#F1DFDD	#FEFEFE
4083	#FFFFFF	#FFFFFF
4084	#EEECF6	#FFFFFF
4085	#F9F9FC	#FFFFFF
4087	#FBF5F5	#FFFFFF
4088	#EEECF6	#FEFEFE
4089	#F2F1F8	#FEFEFE
4090	#FFFFFF	#FFFFFF
4091	#FCF7F7	#FFFFFF
4092	#FBFBFD	#FFFFFF
4093	#FEFDFD	#FFFFFF
4094	#F3F2F9	#FEFEFE
4095	#EAE7F4	#FEFEFE
4096	#F8EFEE	#FEFEFE
4097	#F6F5FA	#FFFFFF
4098	#DED9ED	#FDFDFD
4099	#FCF9F8	#FFFFFF
4100	#FCF8F7	#FFFFFF
4101	#FAFAFC	#FFFFFF
4102	#E5E1F1	#FEFEFE
4103	#E5E1F1	#FEFEFE
4104	#EFDCD9	#FEFEFE
4105	#FBF6F6	#FFFFFF
4106	#F6F5FA	#FFFFFF
4107	#C5BEDF	#FCFCFC
4108	#F9F1F0	#FFFFFF
4109	#F7EEEC	#FFFFFF
4110	#FBFAFD	#FFFFFF
4111	#FBF7F6	#FFFFFF
4112	#CEC8E5	#FDFDFD
4113	#F7EEEC	#FFFFFF
4114	#F1E0DE	#FEFEFE
4115	#DCD8EC	#FEFEFE
4116	#DCD7EC	#FEFEFE
4117	#F9F9FC	#FFFFFF
4118	#E4E0F0	#FEFEFE
4119	#F8EEED	#FFFFFF
4120	#FBFAFD	#FFFFFF
4121	#E8E5F3	#FEFEFE
4122	#FAFAFD	#FFFFFF
4123	#E5E1F1	#FEFEFE
4124	#F7ECEB	#FEFEFE
4125	#D4CEE8	#FEFEFE
4126	#F6F5FA	#FFFFFF
4127	#F9F8FC	#FFFFFF
4128	#F4E6E4	#FEFEFE
4129	#EDEAF5	#FEFEFE
4130	#F1E0DE	#FEFEFE
4131	#E1BEBA	#FEFEFE
4132	#EFECF6	#FEFEFE
4133	#EEECF6	#FFFFFF
4134	#F4E6E4	#FEFEFE
4135	#F1E0DE	#FEFEFE
4136	#EFECF6	#FEFEFE
4137	#9A8FC8	#FAFAFA
4138	#F4E6E4	#FEFEFE
4139	#DED9ED	#FEFEFE
4140	#E4E1F1	#FEFEFE
4141	#E8CECA	#FEFEFE
4143	#EDD7D4	#FEFEFE
4144	#EFEDF6	#FEFEFE
4145	#F1E0DE	#FEFEFE
4146	#EEECF6	#FFFFFF
4147	#F6EBE9	#FEFEFE
4148	#ECD5D2	#FEFEFE
4149	#F5F3F9	#FFFFFF
4150	#E4E0F0	#FEFEFE
4151	#F6F5FA	#FFFFFF
4152	#E9CECB	#FEFEFE
4153	#EBE8F4	#FEFEFE
4154	#FBFAFD	#FFFFFF
4155	#D2CCE7	#FCFCFC
4156	#EDEBF6	#FEFEFE
4157	#DDD8ED	#FEFEFE
4158	#FAF9FC	#FFFFFF
4159	#EDEAF5	#FEFEFE
4160	#F7ECEB	#FFFFFF
4162	#FBF6F5	#FFFFFF
4163	#E1BEB9	#FEFEFE
4164	#D4CEE7	#FDFDFD
4165	#FEFDFD	#FFFFFF
4166	#DFDAED	#FEFEFE
4167	#EFDCD9	#FEFEFE
4168	#DCD8EC	#FEFEFE
4169	#F4E6E4	#FEFEFE
4170	#E8E5F3	#FEFEFE
4171	#F8EEED	#FFFFFF
4172	#FAF9FC	#FFFFFF
4173	#E6E3F2	#FEFEFE
4174	#F6F4FA	#FFFFFF
4175	#F0DDDA	#FEFEFE
4176	#EFEDF6	#FEFEFE
4177	#FBF7F6	#FFFFFF
4178	#F9F8FC	#FFFFFF
4179	#FBF6F6	#FFFFFF
4180	#FBFAFD	#FFFFFF
4181	#E8E5F3	#FEFEFE
4182	#F1DFDD	#FEFEFE
4183	#ECD5D2	#FEFEFE
4184	#DED9ED	#FDFDFD
4185	#FBF7F6	#FFFFFF
4186	#E9E5F3	#FEFEFE
4188	#CBC5E3	#FDFDFD
4189	#F6F5FA	#FFFFFF
4190	#B8AFD8	#FBFBFB
4191	#F6F5FA	#FFFFFF
4192	#FCF7F6	#FFFFFF
4193	#F9F9FC	#FFFFFF
4194	#FAF4F4	#FFFFFF
4195	#EED9D6	#FDFDFD
4196	#FEFCFC	#FFFFFF
4197	#F9F1F0	#FFFFFF
4198	#FFFEFE	#FFFFFF
4199	#F4E7E5	#FEFEFE
4200	#DED9ED	#FDFDFD
4201	#F1E0DD	#FEFEFE
4202	#F6EAE9	#FEFEFE
4203	#F1DFDD	#FEFEFE
4204	#E5E1F1	#FEFEFE
4205	#E5E1F1	#FEFEFE
4206	#F5F4FA	#FFFFFF
4207	#E9CECB	#FEFEFE
4208	#FBFAFD	#FFFFFF
4209	#FBFAFD	#FFFFFF
4210	#E6E2F1	#FEFEFE
4211	#D4CEE7	#FDFDFD
4212	#D5CFE8	#FEFEFE
4213	#FEFDFD	#FFFFFF
4214	#E1BEB9	#FEFEFE
4215	#EED9D6	#FEFEFE
4216	#F6F5FA	#FFFFFF
4217	#E2DDEF	#FDFDFD
4218	#FAF9FC	#FFFFFF
4219	#FBF6F5	#FFFFFF
4220	#E8CDCA	#FEFEFE
4221	#EBD3D0	#FEFEFE
4222	#F8EEED	#FFFFFF
4223	#C3BBDE	#FDFDFD
4224	#EEECF6	#FFFFFF
4225	#AFA6D3	#FCFCFC
4226	#FEFCFC	#FFFFFF
4227	#DED9ED	#FDFDFD
4228	#F2F1F8	#FFFFFF
4229	#FBF6F6	#FFFFFF
4230	#F9F8FC	#FFFFFF
4231	#EFECF6	#FFFFFF
4232	#F7EDEC	#FEFEFE
4233	#FEFDFD	#FFFFFF
4234	#EDEBF5	#FEFEFE
4235	#A79DCF	#FBFBFB
4236	#F6F5FA	#FFFFFF
4237	#E6C8C4	#FDFDFD
4238	#EFECF6	#FEFEFE
4239	#E1BEB9	#FEFEFE
4240	#D7D1E9	#FDFDFD
4241	#F8EEED	#FFFFFF
4242	#FBFAFD	#FFFFFF
4244	#EAD2CE	#FDFDFD
4245	#EDD6D4	#FEFEFE
4246	#E6E3F2	#FEFEFE
4247	#FDFBFB	#FFFFFF
4248	#FBFBFD	#FFFFFF
4249	#FAF5F4	#FFFFFF
4250	#EEECF6	#FEFEFE
4251	#FDFBFB	#FFFFFF
4252	#FBF6F5	#FFFFFF
4253	#E4E0F0	#FDFDFD
4254	#F6F4FA	#FFFFFF
4255	#E2DEEF	#FDFDFD
4256	#E2DEEF	#FDFDFD
4257	#FBFBFD	#FFFFFF
4258	#A79DCF	#FBFBFB
4259	#B7AFD8	#FDFDFD
4260	#C3BBDE	#FDFDFD
4261	#F8EEED	#FFFFFF
4262	#EFEDF6	#FEFEFE
4263	#EFECF6	#FFFFFF
4264	#FBF5F5	#FFFFFF
4265	#F2F0F8	#FFFFFF
4266	#F1DFDD	#FEFEFE
4267	#EBE8F4	#FEFEFE
4268	#FCFBFD	#FFFFFF
4269	#FFFFFF	#FFFFFF
4270	#F8EEED	#FFFFFF
4271	#ECD5D3	#FEFEFE
4272	#E1BEBA	#FEFEFE
4273	#F7ECEB	#FFFFFF
4274	#F6F5FA	#FFFFFF
4275	#D5CFE8	#FEFEFE
4276	#F8EEED	#FFFFFF
4277	#A79DCF	#FBFBFB
4278	#E7E4F2	#FEFEFE
4279	#F6F5FA	#FFFFFF
4280	#ECD5D2	#FEFEFE
4281	#EBD4D0	#FEFEFE
4282	#FAFAFC	#FFFFFF
4283	#EFECF6	#FFFFFF
4284	#F7EDEB	#FEFEFE
4285	#C4BDDF	#FCFCFC
4286	#F2F0F8	#FFFFFF
4287	#FFFFFF	#FFFFFF
4289	#D7D2E9	#FDFDFD
4290	#E2C1BD	#FDFDFD
4291	#F2F0F8	#FFFFFF
4292	#DED9ED	#FEFEFE
4293	#EAE7F4	#FEFEFE
4294	#EAE7F4	#FEFEFE
4295	#FFFFFF	#FFFFFF
4296	#D3CDE7	#FCFCFC
4297	#F1DFDD	#FEFEFE
4298	#EEECF6	#FFFFFF
4299	#EDEAF5	#FEFEFE
4300	#EFEDF7	#FEFEFE
4301	#EFECF6	#FEFEFE
4302	#F7ECEB	#FFFFFF
4303	#FEFCFC	#FFFFFF
4304	#E5E1F1	#FEFEFE
4305	#FBFAFD	#FFFFFF
4306	#F8EEED	#FFFFFF
4307	#E6E2F1	#FEFEFE
4308	#EFEDF6	#FEFEFE
4309	#FAFAFC	#FFFFFF
4310	#F8EEED	#FFFFFF
4311	#F4E5E4	#FEFEFE
4312	#FDFAF9	#FFFFFF
4313	#DED9ED	#FEFEFE
4314	#F8EFED	#FFFFFF
4315	#E8E5F3	#FEFEFE
4316	#FDFAFA	#FFFFFF
4317	#ECD5D2	#FEFEFE
4318	#E3DFF0	#FEFEFE
4319	#D8D3EA	#FDFDFD
4320	#EFECF6	#FFFFFF
4321	#D4CEE8	#FDFDFD
4322	#F8EEED	#FFFFFF
4323	#F1DFDD	#FEFEFE
4324	#FDFAFA	#FFFFFF
4325	#EEECF6	#FFFFFF
4326	#EDEBF5	#FEFEFE
4327	#AEA5D3	#FCFCFC
4328	#E9E6F3	#FEFEFE
4329	#F7EDEC	#FFFFFF
4330	#ECD5D3	#FEFEFE
4331	#E8E5F3	#FEFEFE
4332	#F1E0DE	#FEFEFE
4333	#F6F5FA	#FFFFFF
4334	#F9F8FC	#FFFFFF
4335	#DED9ED	#FEFEFE
4336	#E4E0F0	#FEFEFE
4337	#ECD5D2	#FEFEFE
4338	#FEFDFC	#FFFFFF
4339	#D5CFE8	#FCFCFC
4340	#F7F6FB	#FFFFFF
4341	#F5F4FA	#FFFFFF
4342	#D8D3EA	#FDFDFD
4343	#F1DFDD	#FEFEFE
4345	#DDD9ED	#FDFDFD
4346	#F5F4FA	#FFFFFF
4347	#DEDAED	#FEFEFE
4348	#F7EEEC	#FFFFFF
4349	#FEFDFD	#FFFFFF
4350	#CBC5E3	#FDFDFD
4351	#E9E5F3	#FEFEFE
4352	#F7ECEB	#FFFFFF
4353	#EBE9F4	#FEFEFE
4354	#F6F5FA	#FFFFFF
4355	#E3DFF0	#FEFEFE
4356	#F8EEED	#FFFFFF
4357	#E3DFF0	#FEFEFE
4358	#FBFAFD	#FFFFFF
4359	#DED9ED	#FDFDFD
4360	#E4E0F0	#FEFEFE
4361	#EFECF6	#FFFFFF
4362	#CF9D97	#FCFCFC
4363	#F9F9FC	#FFFFFF
4364	#D1CBE6	#FCFCFC
4365	#E6C9C5	#FDFDFD
4366	#F1E0DD	#FEFEFE
4367	#FBFAFD	#FFFFFF
4368	#E1DCEE	#FDFDFD
4369	#E0BDB9	#FEFEFE
4370	#C3BBDE	#FDFDFD
4371	#FEFEFD	#FFFFFF
4372	#EFEDF7	#FEFEFE
4373	#FBF6F6	#FFFFFF
4374	#FCFBFD	#FFFFFF
4375	#B8AFD8	#FDFDFD
4376	#EEECF6	#FFFFFF
4377	#DDD8EC	#FEFEFE
4378	#ECD6D3	#FEFEFE
4379	#E6E3F1	#FEFEFE
4380	#DDD8EC	#FEFEFE
4381	#DCD7EC	#FEFEFE
4382	#D6D1E9	#FDFDFD
4383	#E5E1F1	#FEFEFE
4384	#ECD5D2	#FEFEFE
4385	#FFFFFF	#FFFFFF
4386	#DDD8EC	#FEFEFE
4387	#FAF9FC	#FFFFFF
4388	#F5E9E8	#FEFEFE
4390	#F2F0F8	#FFFFFF
4391	#F5F4FA	#FFFFFF
4392	#ECD5D2	#FEFEFE
4393	#EEECF6	#FFFFFF
4394	#E5E1F1	#FEFEFE
4395	#FDFBFA	#FFFFFF
4396	#C4BCDF	#FCFCFC
4397	#EEECF6	#FFFFFF
4398	#F4E5E4	#FEFEFE
4399	#E5E1F1	#FEFEFE
4400	#E0BEB9	#FDFDFD
4401	#FEFDFD	#FFFFFF
4402	#EEECF6	#FEFEFE
4403	#E9E6F3	#FEFEFE
4404	#A79ECF	#FBFBFB
4405	#E6C8C4	#FDFDFD
4406	#E5E1F1	#FEFEFE
4407	#F2F0F8	#FEFEFE
4408	#EFEDF6	#FEFEFE
4409	#EFEDF6	#FEFEFE
4410	#ECD5D2	#FEFEFE
4411	#E9E5F3	#FEFEFE
4412	#DCD8EC	#FEFEFE
4414	#D4CEE8	#FEFEFE
4415	#F6F5FA	#FFFFFF
4416	#E8E5F3	#FEFEFE
4417	#FEFDFD	#FFFFFF
4418	#DCD8EC	#FEFEFE
4419	#F5E9E7	#FEFEFE
4420	#F1DFDD	#FEFEFE
4421	#E8E5F3	#FEFEFE
4422	#F1DFDD	#FEFEFE
4423	#B8AFD8	#FDFDFD
4424	#F9F9FC	#FFFFFF
4425	#F8EEED	#FFFFFF
4426	#E8E5F3	#FEFEFE
4427	#FBF6F6	#FFFFFF
4428	#F7EDEC	#FEFEFE
4429	#E8E5F3	#FEFEFE
4430	#FFFFFF	#FFFFFF
4431	#D9AFAA	#FDFDFD
4432	#F2E1DF	#FEFEFE
4433	#ECD6D3	#FEFEFE
4434	#FDFCFE	#FFFFFF
4435	#EDEAF5	#FEFEFE
4436	#F7F6FB	#FFFFFF
4437	#EBE8F4	#FEFEFE
4438	#EBD4D0	#FEFEFE
4439	#DDD8ED	#FEFEFE
4440	#DCD7EC	#FEFEFE
4441	#FBF6F5	#FFFFFF
4442	#FBFBFD	#FFFFFF
4443	#FBFAFD	#FFFFFF
4444	#FAF9FC	#FFFFFF
4446	#DCD8EC	#FEFEFE
4447	#AFA5D3	#FCFCFC
4448	#F9F8FC	#FFFFFF
4449	#EEECF6	#FFFFFF
4450	#FBFBFD	#FFFFFF
4451	#F2F1F8	#FEFEFE
4452	#EAE8F4	#FEFEFE
4453	#FBF6F5	#FFFFFF
4454	#D4CFE8	#FDFDFD
4455	#F2F0F8	#FFFFFF
4456	#D6D1E9	#FDFDFD
4457	#F7ECEB	#FFFFFF
4458	#DCD8EC	#FDFDFD
4459	#DEDAED	#FEFEFE
4460	#C1BADD	#FAFAFA
4461	#DCD7EC	#FEFEFE
4462	#EEECF6	#FFFFFF
4463	#F1DFDD	#FEFEFE
4464	#C3BBDE	#FDFDFD
4465	#B7AFD8	#FBFBFB
4466	#FBFAFD	#FFFFFF
4467	#F9F8FC	#FFFFFF
4468	#FBF6F6	#FFFFFF
4469	#EBE8F4	#FEFEFE
4470	#EDEAF5	#FEFEFE
4471	#FAF9FC	#FFFFFF
4472	#D4CFE8	#FEFEFE
4473	#C3BBDE	#FDFDFD
4474	#FBFAFD	#FFFFFF
4475	#D4CEE7	#FDFDFD
4476	#E1BEB9	#FEFEFE
4477	#D5CFE8	#FEFEFE
4478	#F1E0DE	#FEFEFE
4479	#FCF7F6	#FFFFFF
4480	#E7E4F2	#FEFEFE
4481	#F7ECEB	#FFFFFF
4482	#F9F9FC	#FFFFFF
4483	#F9F8FC	#FFFFFF
4484	#DDD8EC	#FEFEFE
4485	#EEECF6	#FEFEFE
4486	#E1BEB9	#FDFDFD
4487	#F8EEED	#FFFFFF
4488	#DED9ED	#FEFEFE
4489	#E8E5F3	#FEFEFE
4491	#F8F7FB	#FFFFFF
4492	#F6F4FA	#FFFFFF
4493	#DDD8ED	#FEFEFE
4494	#C3BBDE	#FDFDFD
4495	#CCC5E3	#FDFDFD
4496	#F6F5FA	#FFFFFF
4497	#FDFDFE	#FFFFFF
4498	#F9F1F0	#FFFFFF
4499	#F9F8FC	#FFFFFF
4500	#C6BFE0	#FCFCFC
4501	#EFECF6	#FEFEFE
4502	#DCD8EC	#FEFEFE
4503	#F7EDEC	#FFFFFF
4504	#A79ECF	#FBFBFB
4505	#E5E1F1	#FEFEFE
4506	#ABA2D1	#F9F9F9
4507	#C7C0E1	#FCFCFC
4508	#E2C0BC	#FDFDFD
4509	#E4E0F0	#FEFEFE
4510	#E9CECA	#FEFEFE
4511	#EEECF6	#FEFEFE
4512	#FEFDFD	#FFFFFF
4513	#D4CEE7	#FDFDFD
4514	#B2A9D5	#FAFAFA
4515	#FEFCFC	#FFFFFF
4516	#F7F5FA	#FFFFFF
4517	#F9F8FC	#FFFFFF
4518	#F1E0DD	#FEFEFE
4519	#DDD8EC	#FEFEFE
4520	#EAE7F4	#FEFEFE
4521	#EBD4D0	#FEFEFE
4522	#F8EEED	#FFFFFF
4523	#FBFAFD	#FFFFFF
4524	#FAF9FC	#FFFFFF
4525	#F8EEED	#FFFFFF
4526	#E9E5F3	#FEFEFE
4527	#FBF6F6	#FFFFFF
4528	#C3BBDE	#FDFDFD
4529	#FBF5F5	#FFFFFF
4530	#ECD5D2	#FEFEFE
4531	#D4CFE8	#FCFCFC
4532	#F5F4FA	#FFFFFF
4533	#E9CECB	#FEFEFE
4534	#EAE7F4	#FEFEFE
4535	#E4E0F0	#FEFEFE
4536	#D4A59F	#FCFCFC
4537	#F7EDEB	#FFFFFF
4538	#FEFDFD	#FFFFFF
4539	#B7AFD8	#FDFDFD
4540	#CDC7E4	#FCFCFC
4541	#FAF9FC	#FFFFFF
4542	#F6F5FA	#FFFFFF
4543	#D3CEE7	#FDFDFD
4544	#CDC6E4	#FCFCFC
4545	#F7EDEB	#FFFFFF
4547	#C6BFE0	#FBFBFB
4548	#F6F4FA	#FFFFFF
4549	#EEECF6	#FEFEFE
4550	#F1E0DE	#FEFEFE
4551	#F9F8FC	#FFFFFF
4552	#EEECF6	#FEFEFE
4553	#FEFDFD	#FFFFFF
4554	#FBF6F5	#FFFFFF
4555	#FEFDFC	#FFFFFF
4556	#FBF6F5	#FFFFFF
4557	#E6E3F2	#FEFEFE
4558	#E5E1F1	#FEFEFE
4559	#EDEBF5	#FEFEFE
4560	#EBD3D0	#FEFEFE
4561	#ECD5D2	#FEFEFE
4562	#E5E2F1	#FEFEFE
4563	#F6F4FA	#FFFFFF
4564	#C5BDDF	#FCFCFC
4565	#FBF6F5	#FFFFFF
4566	#F9F9FC	#FFFFFF
4567	#DDD8EC	#FEFEFE
4568	#EBD4D0	#FEFEFE
4569	#FBF6F6	#FFFFFF
4570	#E2DEEF	#FDFDFD
4571	#E0BDB9	#FDFDFD
4572	#F8EFED	#FFFFFF
4573	#CDC7E4	#FDFDFD
4574	#F7ECEA	#FFFFFF
4576	#D4A5A0	#FCFCFC
4577	#F8EEED	#FFFFFF
4578	#EEECF6	#FEFEFE
4579	#F6F5FA	#FFFFFF
4580	#E8E5F3	#FEFEFE
4581	#F3F1F8	#FEFEFE
4582	#EFECF6	#FEFEFE
4583	#DCD7EC	#FEFEFE
4584	#EFEDF6	#FEFEFE
4585	#F4E5E3	#FEFEFE
4586	#FBF6F6	#FFFFFF
4587	#FBF6F5	#FFFFFF
4588	#FFFFFE	#FFFFFF
4589	#FBF6F5	#FFFFFF
4592	#F8F7FB	#FFFFFF
4593	#EFEDF7	#FEFEFE
4594	#F7EEEC	#FEFEFE
4595	#FDFBFB	#FFFFFF
4596	#F3E4E2	#FEFEFE
4597	#D1CBE6	#FCFCFC
4598	#EBD2CF	#FDFDFD
4599	#EFDCD9	#FEFEFE
4600	#F5F4FA	#FFFFFF
4601	#E8E4F2	#FEFEFE
4602	#FDFAFA	#FFFFFF
4603	#E8E5F3	#FEFEFE
4604	#F8EFEE	#FEFEFE
4605	#9B90C8	#FAFAFA
4606	#E6E2F1	#FEFEFE
4607	#F1E0DD	#FEFEFE
4608	#ECEAF5	#FEFEFE
4609	#D8D3EA	#FDFDFD
4610	#EED9D6	#FEFEFE
4611	#FCF7F6	#FFFFFF
4612	#FBF6F6	#FFFFFF
4613	#EEECF6	#FFFFFF
4614	#EFEDF6	#FFFFFF
4615	#D5CFE8	#FDFDFD
4616	#AFA5D3	#FCFCFC
4617	#FEFEFE	#FFFFFF
4618	#D7D1E9	#FDFDFD
4619	#F9F8FC	#FFFFFF
4620	#FDFCFE	#FFFFFF
4621	#DDD9ED	#FDFDFD
4622	#EEECF6	#FEFEFE
4623	#FCFBFD	#FFFFFF
4624	#FBFBFD	#FFFFFF
4625	#D8D3EA	#FDFDFD
4626	#ECD6D3	#FEFEFE
4627	#B7AFD8	#FDFDFD
4628	#EFEDF6	#FFFFFF
4629	#FEFCFC	#FFFFFF
4630	#FDFBFB	#FFFFFF
4631	#E1BEBA	#FEFEFE
4632	#F6EAE8	#FEFEFE
4633	#D5CFE8	#FEFEFE
4634	#F4E6E4	#FEFEFE
4635	#EFECF6	#FEFEFE
4636	#E9CECB	#FEFEFE
4637	#D3A59F	#FCFCFC
4638	#F1DFDD	#FEFEFE
4639	#FBFAFD	#FFFFFF
4640	#F9F1F0	#FFFFFF
4641	#E9CECA	#FEFEFE
4642	#FDFDFE	#FFFFFF
4643	#FCF8F7	#FFFFFF
4644	#F6F5FA	#FFFFFF
4645	#F2F0F8	#FEFEFE
4646	#F7F6FB	#FFFFFF
4648	#F6F5FA	#FFFFFF
4649	#F6F5FA	#FFFFFF
4650	#FEFDFD	#FFFFFF
4651	#F7EDEB	#FEFEFE
4652	#FBF7F6	#FFFFFF
4653	#F9F1F0	#FFFFFF
4654	#F3F1F9	#FEFEFE
4655	#F2F0F8	#FFFFFF
4656	#FCFBFD	#FFFFFF
4657	#E6C8C4	#FCFCFC
4658	#FEFCFC	#FFFFFF
4659	#F6EAE8	#FEFEFE
4660	#F5E7E6	#FEFEFE
4661	#DDD8EC	#FDFDFD
4662	#F2E1DF	#FEFEFE
4663	#EDD7D4	#FEFEFE
4664	#FAF9FC	#FFFFFF
4665	#CBC4E2	#FCFCFC
4666	#F9F8FC	#FFFFFF
4667	#DDD8EC	#FEFEFE
4668	#B7AFD8	#FBFBFB
4669	#FAF9FC	#FFFFFF
4670	#D4CEE7	#FDFDFD
4671	#D7D2E9	#FDFDFD
4672	#FBF5F5	#FFFFFF
4673	#F9F9FC	#FFFFFF
4674	#DDD8EC	#FEFEFE
4675	#CF9D97	#FCFCFC
4676	#EFEDF6	#FFFFFF
4677	#B7AFD8	#FDFDFD
4678	#FAF9FC	#FFFFFF
4679	#CCC5E3	#FDFDFD
4680	#F2F0F8	#FEFEFE
4681	#F9F1F0	#FFFFFF
4682	#E1DDEF	#FDFDFD
4683	#FEFDFC	#FFFFFF
4684	#EEECF6	#FFFFFF
4685	#E6C8C4	#FDFDFD
4686	#E4C4C0	#FDFDFD
4687	#FBF6F5	#FFFFFF
4688	#D4CFE8	#FEFEFE
4689	#AFA5D3	#FCFCFC
4690	#EED9D7	#FEFEFE
4691	#ECD5D2	#FEFEFE
4693	#F2F0F8	#FEFEFE
4694	#FEFDFD	#FFFFFF
4695	#F9F8FC	#FFFFFF
4696	#F9F0EF	#FFFFFF
4697	#FCFBFD	#FFFFFF
4698	#D0C9E5	#FBFBFB
4699	#E9CECA	#FEFEFE
4700	#FBF6F6	#FFFFFF
4701	#FAF4F3	#FFFFFF
4702	#EFEDF6	#FEFEFE
4703	#E8E5F2	#FDFDFD
4704	#F2F0F8	#FFFFFF
4705	#EFECF6	#FFFFFF
4706	#FFFFFF	#FFFFFF
4707	#E8E5F3	#FEFEFE
4708	#F7EDEB	#FFFFFF
4709	#FBFAFD	#FFFFFF
4710	#F8EEED	#FFFFFF
4711	#EDD6D3	#FEFEFE
4712	#EFEDF6	#FEFEFE
4713	#EFEDF6	#FEFEFE
4714	#ECD5D2	#FEFEFE
4715	#F1E0DE	#FEFEFE
4716	#EFEDF6	#FEFEFE
4717	#F8EEED	#FFFFFF
4718	#FCF8F7	#FFFFFF
4719	#F4E6E4	#FEFEFE
4720	#F7EDEC	#FEFEFE
4721	#FEFDFC	#FFFFFF
4722	#DDD9ED	#FDFDFD
4723	#E3E0F0	#FEFEFE
4724	#F8EEED	#FFFFFF
4725	#E6E2F1	#FEFEFE
4726	#AFA5D3	#FCFCFC
4727	#EEEBF6	#FFFFFF
4728	#E9E6F3	#FEFEFE
4729	#C4BCDF	#FCFCFC
4730	#F8EEED	#FFFFFF
4731	#F1E0DD	#FEFEFE
4732	#FBF6F6	#FFFFFF
4733	#F8EFEE	#FEFEFE
4734	#E6E3F2	#FEFEFE
4735	#F1E0DD	#FEFEFE
4736	#E1BEB9	#FDFDFD
4737	#F9F2F1	#FFFFFF
4738	#F7EEEC	#FFFFFF
4739	#DCD7EC	#FEFEFE
4740	#FEFDFD	#FFFFFF
4741	#F2F1F8	#FFFFFF
4742	#ECD5D2	#FEFEFE
4743	#DDD9ED	#FDFDFD
4744	#F8F7FB	#FFFFFF
4745	#F5F4FA	#FFFFFF
4746	#FBFAFD	#FFFFFF
4747	#EDEAF5	#FEFEFE
4749	#E5E2F1	#FDFDFD
4750	#F4F3F9	#FFFFFF
4751	#FDFBFB	#FFFFFF
4752	#D2CCE7	#FCFCFC
4753	#EDD6D4	#FEFEFE
4754	#FEFDFD	#FFFFFF
4755	#FFFEFE	#FFFFFF
4756	#FEFCFB	#FFFFFF
4757	#E4E1F1	#FEFEFE
4758	#F7F5FA	#FFFFFF
4759	#EEECF6	#FEFEFE
4760	#DFDAED	#FDFDFD
4761	#F9F8FC	#FFFFFF
4762	#F1DFDD	#FEFEFE
4763	#E5E2F1	#FEFEFE
4764	#EFECF6	#FFFFFF
4765	#F8EEED	#FFFFFF
4766	#E5E2F1	#FEFEFE
4767	#FBFAFD	#FFFFFF
4768	#F7EDEB	#FFFFFF
4769	#DBD6EC	#FEFEFE
4770	#FCFBFD	#FFFFFF
4771	#EDEBF5	#FEFEFE
4772	#E5E1F1	#FEFEFE
4773	#F2F0F8	#FFFFFF
4774	#F9F8FC	#FFFFFF
4775	#DCD7EC	#FEFEFE
4776	#D4A59F	#FCFCFC
4777	#D4CEE7	#FDFDFD
4778	#FEFDFD	#FFFFFF
4779	#F9F9FC	#FFFFFF
4780	#FBF6F5	#FFFFFF
4781	#E6E2F1	#FEFEFE
4782	#ECD5D3	#FEFEFE
4783	#F9F8FC	#FFFFFF
4784	#FBF6F6	#FFFFFF
4785	#F5F4FA	#FFFFFF
4786	#FEFCFC	#FFFFFF
4787	#DDD8ED	#FEFEFE
4788	#DCD7EC	#FEFEFE
4789	#EDEBF5	#FEFEFE
4790	#ECD5D2	#FEFEFE
4791	#EFDCDA	#FEFEFE
4792	#E6C8C4	#FDFDFD
4794	#FDFBFA	#FFFFFF
4795	#D4CEE7	#FCFCFC
4796	#F4F3F9	#FEFEFE
4797	#F0DDDB	#FEFEFE
4798	#D6D0E9	#FCFCFC
4799	#E5E1F1	#FEFEFE
4800	#DED9ED	#FEFEFE
4801	#FAF4F3	#FFFFFF
4802	#F8EFED	#FEFEFE
4803	#EFEDF6	#FEFEFE
4804	#FBFAFD	#FFFFFF
4805	#F1E0DD	#FEFEFE
4806	#FAF3F2	#FFFFFF
4807	#FEFCFC	#FFFFFF
4808	#E8CDC9	#FEFEFE
4809	#FBFAFD	#FFFFFF
4810	#F4E6E4	#FEFEFE
4811	#EFEDF6	#FFFFFF
4812	#F6F4FA	#FFFFFF
4813	#F9F2F1	#FFFFFF
4814	#F6F5FA	#FFFFFF
4815	#F5F4FA	#FFFFFF
4816	#D7D1E9	#FDFDFD
4817	#F4E6E4	#FEFEFE
4818	#E5E1F1	#FEFEFE
4819	#E1BEBA	#FEFEFE
4820	#D9B0AB	#FDFDFD
4821	#EFEDF6	#FEFEFE
4822	#F4E6E4	#FEFEFE
4823	#DDD9ED	#FDFDFD
4824	#DED9ED	#FDFDFD
4825	#CCC5E3	#FDFDFD
4826	#E5E1F1	#FEFEFE
4827	#E6C9C5	#FDFDFD
4828	#D3CEE7	#FDFDFD
4829	#E6C8C4	#FDFDFD
4830	#F1E0DE	#FEFEFE
4831	#E6E3F1	#FEFEFE
4832	#EEECF6	#FFFFFF
4833	#ECD5D2	#FEFEFE
4834	#FDFAFA	#FFFFFF
4835	#FCF8F7	#FFFFFF
4836	#FBF6F5	#FFFFFF
4837	#FAF9FC	#FFFFFF
4838	#F6F4FA	#FFFFFF
4839	#E6C8C5	#FDFDFD
4840	#FBF6F6	#FFFFFF
4841	#FBF6F6	#FFFFFF
4842	#ECD5D2	#FEFEFE
4843	#B7AFD8	#FDFDFD
4844	#C48A83	#FBFBFB
4845	#DBD6EB	#FCFCFC
4846	#FDFDFE	#FFFFFF
4847	#E1BEBA	#FDFDFD
4848	#EED9D6	#FEFEFE
4850	#E9E5F3	#FEFEFE
4851	#E7E4F2	#FEFEFE
4852	#D7D2E9	#FDFDFD
4853	#F2F0F8	#FEFEFE
4854	#F7EDEC	#FEFEFE
4855	#F4E5E3	#FEFEFE
4856	#EFECF6	#FEFEFE
4857	#FEFCFC	#FFFFFF
4858	#FDFAFA	#FFFFFF
4859	#DDD8EC	#FEFEFE
4860	#CBC4E3	#FDFDFD
4861	#E6C9C5	#FDFDFD
4862	#F2F1F8	#FEFEFE
4863	#EDEAF5	#FEFEFE
4864	#E6C8C4	#FDFDFD
4865	#D4CEE7	#FDFDFD
4866	#F1E0DD	#FEFEFE
4867	#FBF6F6	#FFFFFF
4868	#F1E0DD	#FEFEFE
4869	#EAE6F3	#FEFEFE
4870	#E1BEBA	#FEFEFE
4871	#EEECF6	#FFFFFF
4872	#EFECF6	#FEFEFE
4873	#F2F0F8	#FFFFFF
4874	#FBF6F6	#FFFFFF
4875	#FBFBFD	#FFFFFF
4876	#E8CDCA	#FEFEFE
4877	#DDD8ED	#FEFEFE
4878	#FEFDFD	#FFFFFF
4879	#E1BEBA	#FEFEFE
4880	#F1DFDD	#FEFEFE
4881	#E5E1F1	#FEFEFE
4882	#F4E5E4	#FEFEFE
4883	#D5CFE8	#FEFEFE
4884	#FBF7F6	#FFFFFF
4885	#ECD5D2	#FEFEFE
4886	#DCD7EC	#FEFEFE
4887	#F4E6E4	#FEFEFE
4888	#A79DCF	#FBFBFB
4889	#E9E5F3	#FEFEFE
4890	#F1E0DE	#FEFEFE
4891	#A79DCF	#FBFBFB
4892	#EFECF6	#FFFFFF
4893	#FBF6F5	#FFFFFF
4895	#E8E5F3	#FEFEFE
4896	#FDFCFE	#FFFFFF
4897	#FAF3F2	#FFFFFF
4898	#F3F1F8	#FFFFFF
4899	#F4F2F9	#FEFEFE
4900	#C68E87	#FBFBFB
4901	#FFFEFE	#FFFFFF
4902	#DBB4AF	#FCFCFC
4903	#FDFBFB	#FFFFFF
4904	#D8D3EA	#FDFDFD
4905	#FDFBFB	#FFFFFF
4906	#DDD8EC	#FDFDFD
4907	#F4E5E3	#FEFEFE
4908	#ECD5D2	#FEFEFE
4909	#FBF6F6	#FFFFFF
4910	#EED9D6	#FEFEFE
4911	#E6E2F1	#FEFEFE
4912	#DED9ED	#FEFEFE
4913	#ECEAF5	#FEFEFE
4914	#FBF6F5	#FFFFFF
4915	#FBF5F5	#FFFFFF
4916	#FBFAFD	#FFFFFF
4918	#F1E0DE	#FEFEFE
4919	#FBF6F6	#FFFFFF
4920	#D1CBE6	#FCFCFC
4921	#F4E6E4	#FEFEFE
4922	#F2F1F8	#FFFFFF
4923	#E3DFF0	#FEFEFE
4924	#D4CEE8	#FEFEFE
4925	#FAF9FC	#FFFFFF
4926	#E4E1F1	#FEFEFE
4927	#F1E0DD	#FEFEFE
4928	#DDD8EC	#FEFEFE
4929	#FBFAFD	#FFFFFF
4930	#F1EFF8	#FFFFFF
4931	#EFEDF6	#FEFEFE
4932	#FBFBFD	#FFFFFF
4933	#E9CECA	#FEFEFE
4934	#FBFBFD	#FFFFFF
4935	#E3DFF0	#FEFEFE
4936	#EFEDF6	#FEFEFE
4937	#E2C0BC	#FDFDFD
4938	#C3BBDE	#FDFDFD
4939	#ECD5D2	#FEFEFE
4940	#F7EDEC	#FFFFFF
4941	#F8EEED	#FFFFFF
4942	#FBF5F5	#FFFFFF
4943	#F6F5FA	#FFFFFF
4944	#CF9D97	#FCFCFC
4945	#D8D3EA	#FDFDFD
4946	#EEECF6	#FEFEFE
4947	#EFEDF6	#FEFEFE
4948	#E1DDEF	#FDFDFD
4949	#F6F5FA	#FEFEFE
4951	#FAF4F3	#FFFFFF
4952	#EAE7F4	#FEFEFE
4953	#F1EFF7	#FEFEFE
4954	#DED9ED	#FDFDFD
4955	#E6C9C5	#FDFDFD
4956	#F6EAE9	#FEFEFE
4957	#F1E0DD	#FEFEFE
4958	#E5C7C3	#FDFDFD
4959	#EFECF6	#FEFEFE
4960	#DCD7EC	#FEFEFE
4961	#F9F1F0	#FFFFFF
4962	#DEDAED	#FDFDFD
4963	#E3C2BE	#FCFCFC
4964	#E8E5F2	#FEFEFE
4965	#F2F0F8	#FFFFFF
4966	#FEFDFD	#FFFFFF
4967	#F6F4FA	#FFFFFF
4968	#F1E0DE	#FEFEFE
4969	#FEFCFC	#FFFFFF
4970	#F9F0EF	#FFFFFF
4971	#EFDCDA	#FEFEFE
4972	#EFEDF7	#FEFEFE
4973	#DED9ED	#FEFEFE
4974	#FEFDFD	#FFFFFF
4975	#DED9ED	#FEFEFE
4976	#FBFBFD	#FFFFFF
4977	#E1BEBA	#FEFEFE
4978	#FEFCFC	#FFFFFF
4979	#E9E6F3	#FEFEFE
4980	#FBFAFD	#FFFFFF
4981	#F7EDEC	#FEFEFE
4982	#F9F8FC	#FFFFFF
4983	#E3C3BF	#FDFDFD
4984	#E0BEB9	#FDFDFD
4985	#D9D4EA	#FCFCFC
4986	#ECD5D2	#FEFEFE
4987	#EFECF6	#FFFFFF
4988	#ECD5D2	#FEFEFE
4989	#ECEAF5	#FEFEFE
4990	#FBFAFD	#FFFFFF
4991	#F9F2F1	#FFFFFF
4992	#DBD6EB	#FEFEFE
4993	#D3CEE7	#FDFDFD
4994	#E6C8C5	#FDFDFD
4996	#FBF7F6	#FFFFFF
4997	#EEECF6	#FEFEFE
4998	#EBE8F4	#FEFEFE
4999	#E5E2F1	#FDFDFD
5000	#F4E7E5	#FEFEFE
5001	#FEFEFE	#FFFFFF
5002	#DED9ED	#FEFEFE
5003	#FDFBFB	#FFFFFF
5004	#FBFAFD	#FFFFFF
5005	#F9F1F0	#FFFFFF
5006	#E4E1F1	#FEFEFE
5007	#EAD1CE	#FDFDFD
5008	#EFDCD9	#FEFEFE
5009	#CCC6E3	#FDFDFD
5010	#EFEDF6	#FEFEFE
5011	#BBB3DA	#FAFAFA
5012	#F7F5FA	#FFFFFF
5013	#D9B0AB	#FDFDFD
5014	#FEFDFD	#FFFFFF
5015	#F6F4FA	#FFFFFF
5016	#FBF6F6	#FFFFFF
5017	#E4E1F1	#FEFEFE
5018	#CDC6E4	#FCFCFC
5019	#F7EDEC	#FFFFFF
5020	#F9F1EF	#FFFFFF
5021	#ECEAF5	#FEFEFE
5022	#E4E0F0	#FEFEFE
5023	#FCFCFD	#FFFFFF
5024	#ECD5D2	#FEFEFE
5025	#F6F5FA	#FFFFFF
5026	#D7D2EA	#FDFDFD
5027	#EBD4D0	#FEFEFE
5028	#E9CECB	#FEFEFE
5029	#F4E5E4	#FEFEFE
5030	#F0DDDB	#FEFEFE
5031	#F6EBE9	#FEFEFE
5032	#FBFAFD	#FFFFFF
5033	#E5E1F1	#FEFEFE
5034	#E9E6F3	#FEFEFE
5035	#F2F0F8	#FEFEFE
5036	#F8F7FB	#FFFFFF
5037	#ECD5D2	#FEFEFE
5038	#EFECF6	#FFFFFF
5039	#F7EEEC	#FFFFFF
5040	#FBF6F6	#FFFFFF
5041	#F1DFDD	#FEFEFE
5042	#F7ECEB	#FFFFFF
5043	#C8918A	#FBFBFB
5044	#F7EDEB	#FFFFFF
5045	#FBFAFD	#FFFFFF
5046	#F7EEEC	#FFFFFF
5047	#EBE8F4	#FEFEFE
5048	#FCFBFD	#FFFFFF
5049	#C9C2E2	#FAFAFA
5050	#F1EFF8	#FEFEFE
5052	#F3F1F8	#FFFFFF
5053	#F2F0F8	#FEFEFE
5054	#FDFDFE	#FFFFFF
5055	#EDEAF5	#FEFEFE
5056	#F6EAE9	#FEFEFE
5057	#F1DFDD	#FEFEFE
5058	#FAF9FC	#FFFFFF
5059	#D0CAE6	#FCFCFC
5060	#EEECF6	#FFFFFF
5061	#F3F1F9	#FEFEFE
5062	#F3F1F8	#FEFEFE
5063	#EEECF6	#FFFFFF
5064	#DCD7EC	#FEFEFE
5065	#F1DFDD	#FEFEFE
5066	#F1E0DE	#FEFEFE
5067	#D4A5A0	#FCFCFC
5068	#EFECF6	#FEFEFE
5069	#CBC4E3	#FDFDFD
5070	#DBD6EC	#FEFEFE
5071	#F6F5FA	#FFFFFF
5072	#FDFAFA	#FFFFFF
5073	#FDFAF9	#FFFFFF
5074	#C9928B	#FBFBFB
5075	#FDFBFB	#FFFFFF
5076	#A79DCF	#FBFBFB
5077	#FDFAFA	#FFFFFF
5078	#F1E0DE	#FEFEFE
5079	#E5E2F1	#FEFEFE
5080	#E1BEB9	#FEFEFE
5081	#FBF6F5	#FFFFFF
5082	#DCD7EC	#FEFEFE
5083	#F7ECEB	#FFFFFF
5084	#F9F2F1	#FFFFFF
5085	#F1E0DD	#FEFEFE
5086	#F6F5FA	#FFFFFF
5087	#F4E6E4	#FEFEFE
5088	#F1E0DE	#FEFEFE
5089	#FEFDFD	#FFFFFF
5090	#FBF6F5	#FFFFFF
5091	#D4A5A0	#FCFCFC
5093	#FEFDFD	#FFFFFF
5094	#FAF9FC	#FFFFFF
5095	#F8EFED	#FFFFFF
5097	#DCD7EC	#FEFEFE
5098	#F7EDEC	#FEFEFE
5099	#EEECF6	#FEFEFE
5100	#F9F1F0	#FFFFFF
5101	#FBFAFD	#FFFFFF
