x	y
-0.49358784099066	0.265668554938928
0.0115694655846022	0.0057713749580099
0.647967412856443	0.586175953458043
0.27213582326928	0.123955579725448
-0.138420323646555	0.0576088135703654
0.504064660992402	0.239503807255367
0.501074163209812	0.264405957658097
0.400220980424257	0.186757642702139
-1.64953081290869	0.962299503163478
0.258027874386895	0.153973153949772
0.398455410106016	0.206941045210956
0.760279061311019	0.336216583694874
-0.697116079104546	0.551832922424674
-0.403574019722577	0.20406520717744
-0.395705933050668	0.290103731469859
1.21804737789893	1.12675117566346
0.901943590462604	0.621277376110044
1.19383379299915	1.09597242222236
0.0147320488094045	0.00763966041019214
0.524041745749543	0.413981451920581
-0.173628809836619	0.120143437464257
0.656083556847145	0.594020518619858
-0.308807478824979	0.145924678213147
-1.12247288806873	1.07486334923746
-1.07444892354512	1.00309406707507
-0.308670471572792	0.145787879270868
-0.385922390154031	0.220176096250237
0.350893366955388	0.215639285219381
-0.0566811020770554	0.0326735988562148
-0.0214081834599405	0.00971082583472542
-0.0776727013661516	0.0392253269501443
0.527949411410219	0.369116271351579
-0.196622401293338	0.142318524075064
0.272314669882477	0.151621507931281
-0.471716288057075	0.318242956262737
-1.23031543476938	0.947915239698882
-1.13358783516872	0.642499250141066
-0.211412242399632	0.115403116809244
0.570773438141274	0.432101428759608
-0.40978743254928	0.236612767388385
0.481683666914001	0.309046014397373
-0.169092821551316	0.125842593800777
0.129469969482724	0.0782030747177887
-0.799564091292913	0.897041898464991
-0.0472897420259603	0.0276999190211834
-2.1117378090058	1.64247575320365
0.462743004540948	0.372105139963725
-0.468675596841113	0.249678432829069
-1.73473386579673	2.1658968423075
-0.428058288788741	0.324334286616358
0.341158679444337	0.224105081854764
-0.207916421154788	0.130714737545926
-0.0668684598672996	0.033764720412574
-1.60764378152154	1.58456845631096
-0.0226473387737184	0.00707760142692202
1.16277271659614	1.20818043155683
0.126837251367886	0.0615175280725478
0.518767560276014	0.246917721088968
-0.936490199426481	0.697442767417897
-0.0891108592883223	0.0670445795845758
-1.06693609815241	0.980613958051442
-0.292573218493265	0.219369785078942
0.347317429865436	0.347857633061584
0.147019813266522	0.108861914399631
0.392205155568231	0.262683406978183
0.83432202564987	0.761724282651987
-0.0923104666344408	0.0465739912806823
0.516351889044494	0.382098882548125
-0.285967307395322	0.205848106956802
-0.173576842029037	0.113629931163841
-1.30409935903991	1.23750449899144
-0.312167915261116	0.167441818534312
-0.805561286280774	0.457128140522457
-0.366803707028105	0.292761201801583
-0.304098554100581	0.233096816554087
-0.982000382278244	0.857261289415233
-0.214548996860933	0.13820331072445
-0.808470739061303	0.744361370629683
0.0149369296482759	0.00787588715053829
0.494196184011237	0.317744685554473
0.28998774765089	0.175557411822041
1.16103103794031	1.44587539683464
0.578837186916015	0.532221605411719
0.37160263838282	0.246937079466002
0.93879271604475	0.769978002742915
-0.0255861891360505	0.01147580606892
-0.168606990264757	0.103963096604951
0.715276285047099	0.843465875236132
0.337792660962716	0.257775556347692
0.268609537450351	0.206142871102395
0.599310578093184	0.533455533930793
-0.178588241777258	0.123501253165689
0.666434893250631	0.684568599951515
0.645738302722832	0.632442730711016
0.458371195946328	0.429441845396362
-0.0278795121909608	0.0187944840894861
0.11063915530598	0.0750057457074188
-0.172348720563419	0.11237952271261
1.11152008060834	1.19684854735983
0.301634931575639	0.137910594754514
0.440598270122058	0.318609865390566
0.776999525122143	0.701550053625291
0.38647863584073	0.199523557828136
0.71509669826625	0.59552493659125
0.661925071225867	0.573592939813776
-0.473770686810262	0.433196982758636
0.40791446352925	0.347504815380441
0.594324363899558	0.527869675297109
0.437004544268876	0.276670879110739
0.194638233029049	0.127158323671768
-1.79034443522703	1.97453863107594
-0.12305026695986	0.0699276928567517
-0.120745915770923	0.0567743347516734
0.175255863864744	0.113501373671152
-0.0988439723057179	0.0464942287380584
0.503917321191494	0.394167442064787
-0.0889996543087592	0.0547348389080264
1.23357117532737	0.971975771157628
-0.0835130706634163	0.0513330009454304
2.01313499985804	2.13782241820476
0.525072280077203	0.390527226963655
0.951622280068222	0.944617687295533
0.184742877804603	0.130673698320575
1.50753519386476	1.44167243610201
0.726854246055994	0.535488335050562
0.303398748409385	0.195933229528101
0.857337550442532	0.696645397005692
0.316811013784577	0.248998066263106
-0.259501048725611	0.181383622260194
-0.168335408803062	0.0972978034567997
0.192171422191841	0.119485993430097
-0.152887584398808	0.0934702478280173
-0.68071409859086	0.418215322576806
-0.471811655147708	0.431544425678778
-0.450544276866773	0.367050030784123
0.423605650341159	0.286868108935586
-0.0793548004576581	0.0399586787322654
0.838989126791093	0.516542393921958
0.0896717063812132	0.0472004389052473
1.76465578424479	1.8248947399548
1.92046839639735	3.06523290311182
-0.346800637351364	0.212011789356692
0.281711257260621	0.128144346397229
0.0201941194166343	0.0100820507053013
0.925159693585142	0.641837467692035
2.2209411790181	2.35193305305879
0.0302595506539529	0.0159944295078068
-0.290681014343314	0.21829446566864
-0.304012611085671	0.143530316847605
0.867229968118188	0.884795409473004
0.100621859197591	0.0487169436725454
1.181192480231	1.58901741232586
0.683247599501777	0.458057688372086
-0.48513765780953	0.380495209310213
0.410289610497464	0.362177261780414
0.279045447612179	0.206779184125933
0.419570851238805	0.26384363418416
1.58869220197227	1.77213845688699
1.38191650455728	1.31167069070054
0.182005820259503	0.105727151698679
0.304180199913045	0.170598237569638
0.454084879661536	0.34787177698453
0.405267441292807	0.272456831800337
0.511554428937008	0.27136313792412
0.859912425945483	0.533981779488037
-0.111190316523399	0.0650351966727644
1.69192875337666	2.02783135307015
0.166428812792731	0.0961987754774726
0.957771182384703	0.902816752257452
0.77376231062957	0.696725526548092
0.242167783059686	0.20655218533449
0.450721331302256	0.326634943377992
0.330092653140558	0.261196671123628
-0.230224584398254	0.11637239280427
-0.0841241570145369	0.0576024176198345
0.849573763943027	0.778804364795275
0.171919127639212	0.12105347406886
-0.31729499346604	0.245158477835051
0.0503614756839273	0.0310999455601917
0.157569730681475	0.0961680509157303
1.14337071780494	1.24792157982762
0.19261906467998	0.104559097890022
0.667172845628276	0.578862799895338
0.894371284866864	0.78646402441752
2.07640026440714	2.99004762369611
2.06623455519256	2.96305407633167
1.58648543029673	1.95477427822047
0.863311818387223	0.750170629137922
0.547572974433873	0.411344203077274
1.6662453337512	1.97977124590632
-0.0850992238888917	0.046090325357017
0.450601382186685	0.285051817100576
0.558389292358685	0.419796389718331
1.08806424895956	0.846038207072314
0.163923553052429	0.0945471964297145
-0.453102159390979	0.271689164556833
0.0812612130618423	0.0476610474319342
1.24545094366317	1.07649937079712
0.507655938217521	0.268832715808518
-0.174675593063397	0.0939849204897158
-0.0482730189409232	0.0261285766889248
1.99160078122271	2.98801496057045
0.219413254312445	0.174923176859096
0.930221238999262	0.868048769962208
-0.155129974698468	0.0888876093713603
0.393076687635641	0.224704426435512
1.1269722298123	1.4448375705875
1.29920164928124	1.38339227494304
0.296672705057956	0.166162025990594
2.95151818339882	6.03291579668848
1.22423997543354	0.957896596127247
0.782935493478241	0.530223871817996
0.925895891859858	0.642565350297082
1.60145743963134	1.17380401493646
0.84443244435557	0.423367946099759
1.51827970096692	1.76801435707348
0.296402985951887	0.150623409440414
0.675084419511699	0.616819238209827
0.212833335756517	0.140176360529507
-1.09987967106843	1.13903234664435
0.106274927807208	0.0719173392473262
-0.148335779646908	0.0960721163879878
-0.832063009928802	0.655136087409431
-0.0765557619642446	0.0509704067057439
-0.411685362731518	0.308582329792875
-0.251241461111494	0.143566757237232
0.55693528295933	0.486119484162548
-0.437648154058278	0.312142457538151
-0.210617385671501	0.135075166604234
0.296669659918409	0.202937016173322
0.282775524400264	0.157654977819289
0.867842060461771	0.591776757444482
-1.36260607989507	1.14493707232441
0.362070528746441	0.254460370936013
0.84799962465324	0.686864817114514
0.152547573143432	0.0678296653410431
0.99736924244263	0.83742282452963
0.0808950192884075	0.0392872237248237
-0.0866085594282371	0.0436255877073227
0.806864295269831	0.801649142406978
0.748971733830473	0.593730429415506
-0.0270953620647255	0.0122140667426707
1.02302206455693	1.08562296568254
2.0758957670636	2.0158059823154
0.761088989530616	0.682737484961774
1.07097914228395	0.755766957890126
0.830744177904906	0.620084271449701
0.521637891332502	0.364085041109156
-0.969682805973765	0.495555109338768
0.00548482209338401	0.00278122134328351
-0.807724230114094	0.459434559462192
0.60635576164538	0.433408965208482
-0.867527788556891	0.420231126675923
0.100321464951848	0.0396130985407323
-0.305803033287683	0.144324746595765
-1.20799221714155	0.718939778689762
-0.211290800640296	0.0934850808111041
0.0704172728037171	0.0302616651756147
0.0919087452919481	0.0444521084165054
1.33524936306709	1.15090411338256
-1.00552397451684	0.664009428618374
-2.365665234657	1.31952740266533
-0.18312190537058	0.0911939794131924
-2.18195001347851	1.78159960450005
0.080239006918519	0.0388583121991352
0.859029666597313	0.531204546351418
0.603633581759881	0.429851312017324
0.397783051240221	0.185503031775576
1.20985472272973	0.948674431825878
0.581756994004525	0.346257286605869
-0.883396540268265	0.429725708629157
0.1664148776491	0.0741853510192311
0.91349526828106	0.511992433370919
0.61603054193879	0.438959336914556
0.310404068539904	0.128090348277781
-0.311906855709888	0.109937514013909
0.534201521037049	0.255937609328812
-0.220330269073693	0.0977032863889108
0.342358405387555	0.125899332589951
-0.354830650442838	0.218010427460922
0.193287837279963	0.105001288970951
-0.322052146397011	0.194287219834042
1.05561781338494	0.675490958384995
-0.25581486231605	0.101993487435019
0.209722992133496	0.104535395038785
0.945155694127621	0.66041763750693
0.732107565806976	0.321810498269335
0.197418064498291	0.0794046888259268
0.440316322443235	0.278812435741001
-2.32150254682482	2.08567773489166
0.93173248267751	0.706885208024297
-0.108020888924432	0.0447863150912982
-0.593737351533514	0.245787677291091
0.558548784262537	0.363954156854479
0.373825791104928	0.137722086266341
-0.646955603097716	0.328176971343165
-1.26808728522255	0.78936491700506
0.0802823736515481	0.0470627866059985
-1.21427416602523	0.926687627245831
0.200314479893956	0.0998316259465673
0.570804378176966	0.372256520422759
-0.469078703653221	0.211539114440127
1.60335210292143	1.06237349356674
-0.375429831499863	0.16008430812273
-0.907047944301725	0.444401783941601
0.416587182270954	0.217043480602996
-0.0252838983871644	0.00838052145344403
-2.21506483905703	1.16011990708101
-0.0637143087257023	0.0204867749451636
-1.18486754779344	0.698532783565274
0.296939865074467	0.151446481131716
-0.0741057905457266	0.0234053648987362
-0.037901755359193	0.0166257752092594
-0.468328876550667	0.211361114460661
0.417072287266189	0.217428174820939
-0.800075510788345	0.369709089585245
1.00361197916689	0.454244270770272
-0.147033556740887	0.0694576394892726
-0.875680816500756	0.525049714344701
0.54167747150256	0.289323608921177
0.875167619776019	0.545399032599903
-0.633375003871459	0.319946416784314
-0.00595429993228869	0.00270106889822281
-0.435610327709645	0.260223710206617
0.222413903822428	0.111120683873073
0.326298132827178	0.167563526833575
-1.03362171770183	0.552442772144643
1.37962977077723	0.902886112831819
0.477324009357175	0.30597258516961
-0.401304474994499	0.20205512009885
-1.02806361718222	0.686415197401089
-0.318567307932122	0.192001980136433
0.196982044756733	0.0980974319565006
0.722851160187302	0.43973974121471
-0.388328895772356	0.221869073987867
1.37961820512065	0.902740712231247
-0.125017640001728	0.0587947013779741
0.397301004980787	0.185765967922695
0.956339473911512	0.731813198636181
-0.344412209132548	0.14523901676096
0.387022992867653	0.179555222772492
-0.444602066582326	0.2663340272177
-0.449831205775807	0.270030493629015
-0.012715075227391	0.00579391628204671
-0.427925480705731	0.217717785630994
0.870265445401609	0.708979852516017
0.502218266375128	0.238584703517492
-0.345968904654499	0.14632816571474
-0.488799611420178	0.186874601129121
0.983148749461803	0.615737006996338
0.679068832852583	0.33273344273012
1.5199920624375	1.45451329137723
-0.239292344155813	0.0952932313691157
0.509126615967914	0.241978462912625
-0.572536106433494	0.236278117564828
0.0182053291795122	0.00907670146322093
-0.0587379935590291	0.031712037834177
0.781264285293653	0.432496933085368
0.49120569650138	0.338921302379151
-0.384234189326748	0.2802066182726
0.499841616018284	0.294165269543191
-0.590778535644783	0.39457407397692
0.407449268184763	0.212752527523716
0.983127999161306	0.8212622234209
-0.0953486044398794	0.0395502162261909
0.432347131925337	0.3112618536338
-0.570230665589509	0.324579865096928
0.529360017889033	0.314486372102452
0.850696270776494	0.526109253249797
0.541340888318343	0.28993722499607
1.23450938489407	0.885351142854241
0.0384985624360988	0.0175723878442829
0.418875490522505	0.218931061430138
0.350946479126879	0.145758405559785
0.164158354051917	0.110750603699391
0.565252074496709	0.369811175491092
-0.268450935572298	0.107340721831872
0.676941551480884	0.451653929849622
-0.224802584387896	0.11339926540314
1.81064896242757	1.33212753708177
0.92966013022533	0.700519277754728
-0.172128448340136	0.0641109495583192
0.473299184501061	0.302725517598374
2.32039740113644	2.23663033511705
0.26184824122126	0.156672531407251
1.75297557468211	1.41442993080889
1.99995049483185	1.61958011208425
-1.17756602667234	0.693701874073312
1.12669854263596	0.649662862724939
0.841064010647123	0.632558374350182
0.212839862943643	0.146798161769838
-0.0946701043316279	0.0549671996250223
0.0683078885901824	0.0443070543327078
0.667493794457996	0.444576022506617
-0.293005110071367	0.208810026920458
0.788692329661461	0.538356410430254
-0.269839678471044	0.189935328770147
0.466081080460546	0.340496594133746
0.238753770678527	0.173735209338628
0.302219899317511	0.207255930437553
1.2342175730803	1.56185358016072
0.0177521325406044	0.00886777918604166
0.169126425233629	0.114323474001696
1.00423144957039	1.15711108022637
0.0315663843515141	0.0184438115885732
1.53305658228019	1.34467470485552
0.0762904364247183	0.0446614151762177
0.81289773720604	0.879380522540973
0.54218374821584	0.232373873056952
0.106006636956554	0.0595554402971295
-0.251195024829228	0.142972870248194
-0.0741053300779074	0.0373816324402651
0.218343625037932	0.119672977740212
0.193990547117198	0.105516607020088
0.232721850388647	0.146633656918598
-0.274329707146149	0.17077937933455
1.00263749099601	0.630179089470348
1.29489931873896	1.3789064138651
0.266009197962972	0.159679701407086
1.05705992238082	0.950994161700498
-0.252153843234419	0.143732073261536
0.370402022099225	0.211214022734701
-0.518616998812536	0.328434677164795
-0.135591493116624	0.0638181746690203
0.746916174219644	0.55183789724753
1.82830828874997	1.34836505251653
0.468979101876021	0.299186612931802
1.58477317442025	1.04519949334443
0.0803291469401507	0.0389070011721694
0.775029421634963	0.426556921723544
2.79343250384398	2.90473511121789
0.852286120352389	0.692275469596984
0.542269745248701	0.290824026582969
-0.00658815056619144	0.00298946818483392
-0.0216601810998132	0.00981442747284066
1.33676766058879	1.44563044060224
0.387979772542593	0.258445901478813
0.065346265730145	0.0283284737982324
0.0514017368174028	0.0224692298753248
-0.304555062677714	0.208850586941242
-0.1284119605733	0.0759144587492236
-0.202862391995278	0.121879774611649
0.595854931552808	0.354875153445977
-0.0378339506594744	0.0167365997536159
0.66049623509821	0.359839352761274
-0.694339133210527	0.496049521598395
0.00484069556537848	0.00208217366137451
-0.914207505459321	0.448330862146783
1.4745791266405	2.06358592562114
0.509793114368329	0.242951253671115
-0.224919418324515	0.0996759392621741
-0.795551402186115	0.368784441288123
0.13029161775721	0.0690554304471805
-1.1371545287253	0.644804991356776
-0.623932109585504	0.313964978878134
0.892894017867919	0.559493658928071
0.844914617803953	0.813402439856286
0.0766184966951496	0.0403189341689212
-0.708541031030584	0.311521681435454
0.270467964995028	0.150054065357631
0.259104764021799	0.143610143108453
1.4781787294305	1.39352062660558
1.35041733257248	1.27150782904632
1.12349931524837	0.647593292421488
0.875451879972966	0.54476061927603
0.675847265284419	0.618235838095537
-1.09270027269575	0.765141464505313
1.35444582738312	0.880317836677671
0.400528344334715	0.339932423796276
0.387709941812118	0.273920829393304
0.0615947404273458	0.0301499926161612
-0.145203787100529	0.0541502985174946
0.630991240824101	0.484967147125864
0.0973430854882362	0.0545926795453626
0.54067016521048	0.404142071620446
0.65838209020645	0.357676150401388
1.35758769730044	1.17166073631055
-0.732142497077529	0.394807503878361
1.56731361414328	1.2601439027512
0.761813056712278	0.470186915661032
1.03440864318194	0.722095705919649
0.67075388416177	0.446579516758367
0.46965528694745	0.379381563284429
0.865592630667072	0.98744135664485
0.440978617026567	0.443924112927461
0.103013801844933	0.0674067668927423
0.814793728875587	0.652317213523134
0.593958451208629	0.423084372254806
1.65929346325406	2.36330056083115
0.32799305131847	0.227233572105553
0.0235410077643414	0.0117446625785467
0.342805118956332	0.250712886515068
0.414935580823633	0.379022230030604
0.359542311109745	0.2522531789803
-0.247487494061351	0.171793349406324
1.61952569631779	1.68593222915685
-0.724899693530555	0.463016924990492
-0.914174048902351	0.758287191438677
0.136426988552058	0.0864440202557364
0.733208165076454	0.578626792778776
-0.120935636280649	0.0709015712154872
-0.697588536139597	0.719215314752157
-0.0482785054194763	0.0281348806106182
0.0352015568701814	0.0186662465345135
0.953572885444048	0.996288917494943
0.210461111034366	0.131790560110677
0.869162430316767	0.709524605558927
0.86262412411504	0.533991762575257
1.21675829090097	1.41318413457805
-0.224492108118412	0.1362425782025
-0.182277390478412	0.0984303135175789
0.978480902569537	1.1152655478867
-0.137001206492327	0.0910907283733195
0.826102776705287	0.614141733715743
-0.716583638268628	0.383373195543162
0.455721783013753	0.289028127131234
0.521283942270642	0.277437544132657
0.412486852130196	0.311472239931832
-0.921522994603685	0.760104827330899
-0.0444216488472776	0.019317271188637
0.400182481946415	0.230348537281864
0.304028192750616	0.237279780283611
-0.631457391003286	0.318961302926159
1.25823348622516	1.48324770102037
1.3888019465326	1.82871573399231
0.199420117606764	0.108457042775808
-1.05500706965904	0.567777260773277
0.230005057890401	0.0930659940817666
2.1923954185116	2.66879930628495
1.71894061133651	1.92676056846323
1.06520292066636	0.88993734324775
0.385952517371123	0.22037200036537
-0.215953042506771	0.0957049813758107
-0.86129415700914	0.334030151994315
0.544607183487925	0.408576339076013
0.752638750012137	0.737487820319503
0.85568094613715	0.647013049867394
0.127978526954248	0.0677818293249127
0.48177335505705	0.308468206015578
0.780744502996589	0.431124260150988
1.64252245568615	1.71921305651908
0.146305112046431	0.0888908403850291
0.567440131665287	0.429391538902162
-0.325526257553532	0.154485630588529
0.845779230188844	0.682665379069114
-0.172481741867752	0.0926877535365336
0.540988837527661	0.427400502459663
-0.522423551244535	0.33174593718457
-0.161951566183491	0.0868696768225672
1.36227434010761	0.718325265444062
1.39180680895785	1.00656603171897
1.0245484376975	0.711766967935034
1.54453263241333	1.35740760304998
-0.1940067534283	0.0856743959914405
-0.287130350486295	0.152796723741158
0.310145424015746	0.2240165102323
-0.251541830264505	0.112119466217018
0.936596618842597	0.764613416383396
-2.45931590826461	1.42092466529553
-0.00668448369745606	0.00262314000350947
0.0694405811588152	0.0281965636856568
1.56482274833776	1.02725703771777
-0.711541312371575	0.379146914620144
0.658560481584786	0.435003002272415
-0.0103178901059499	0.00409843853324174
0.0913591852954272	0.0361306553903335
-0.443253562170875	0.289400772207512
-1.53733709672462	0.833356831107451
0.497555943046936	0.365606259298115
0.953953000118993	0.726815201482349
1.30850489671419	1.62647330781417
1.37106541351466	1.08334727506262
-0.635236669751299	0.380187453287557
0.93391714945868	0.647920163950825
0.555788682994854	0.46395999783232
0.0921820561289152	0.0442581758982933
1.82972052454212	1.35231357166902
-0.26534940950029	0.105509538096648
-0.0212220639141984	0.00963342186966097
0.842574506256706	0.422152538561146
1.21095082306389	0.951318702423693
-0.347899218817017	0.146926171947424
0.809823860546963	0.554596424430096
0.920744050039983	0.639229389546211
-0.287911233633997	0.101776170153979
0.382966414407011	0.159753432694928
0.410074226854292	0.192385692555122
0.748788472185419	0.592727974948779
0.0466741181207338	0.0206878151660457
1.00069235347337	0.630137253478669
0.863555153991137	0.53588412626506
-0.27455849317235	0.109865306622844
-0.200754650008274	0.0886009822929755
-0.267166316787182	0.153471083384289
0.304163287609058	0.170279654825871
0.203563321236338	0.101795213185014
0.193676062503614	0.0963065048496063
0.0250571477363207	0.0113560034867018
1.22268662673173	0.874715804842507
0.12679093902675	0.0799985566519325
-0.352885941305228	0.17499081267755
0.411057886683046	0.192309933620734
0.512695648435969	0.271604535669254
-0.00621003659878344	0.00332912591489322
-0.223043432704921	0.0989573289641071
0.0494240722578444	0.0218028760727714
0.855712991571076	0.644814995249122
0.20775519850775	0.0836906966091812
-0.185665781558519	0.10033890400524
-1.531711757313	0.830686754595767
0.414395760401568	0.193768649974992
0.498464253129535	0.236624535885949
0.379736145794505	0.216245806819684
-2.38386612934468	1.33573451477667
-0.319906766013606	0.151553589691601
0.165003476771957	0.0820620670492686
-0.876965749126084	0.426007114609548
-0.858140315688761	0.50971107587905
0.0972237962143797	0.0382216559610952
0.824051039887756	0.613483579004217
1.16744538884256	0.747552311209587
-0.088589020071444	0.0274050264084311
1.76096961755183	1.57816002337946
2.79071568816381	2.89907115565179
1.34770239599822	1.16568380364953
0.367691551035316	0.170914652889272
0.385668146222018	0.200548345527642
0.521378886113371	0.249448982563639
0.279615725748399	0.12759499231094
2.28823725674965	1.84873802794611
0.30848689699965	0.172984464270374
0.931597944017334	0.524405931870661
-0.876398151098105	0.340141302045248
1.61629880859863	0.96255221245641
0.8506867887669	0.427188305833488
1.36555643648723	0.891156324324062
-0.827328111800097	0.474448759588333
1.20161532887963	0.77580125528856
0.310269797436352	0.188641989057733
0.120512077402315	0.0469555368757307
-0.209243350836104	0.0926479083406499
0.525933724338651	0.250677035268173
0.411082410792078	0.214208113722397
1.35098087172046	0.96730856343377
-0.0275083492783863	0.0123458687253841
0.359054000814381	0.221853836776858
0.488018649418293	0.28558961428033
-1.36604183821613	0.680866241108301
-0.0299735229453053	0.0112790446393286
0.00485026228651587	0.00246213655672846
2.10071919537713	2.72366740538596
-0.397893643640917	0.200699317122128
1.35690232924145	1.28023137810922
0.988985691236334	0.620354004453093
0.113966057427417	0.0444185734450839
0.180183629411651	0.0975781022851631
1.63462539366015	0.977332490985559
-0.000304521567856603	0.000943083911872134
0.206942419208468	0.113006877628734
-0.612154556764869	0.307181409036973
0.813946332146037	0.453465022418728
0.861989710769216	0.535716935213102
0.51817797126973	0.220851039283127
0.958509952463077	0.729846923853137
0.874187554020816	0.763006563792524
-0.737493004256649	0.397955272463934
0.27365406890966	0.164453485565641
-0.494929228824891	0.266841221474203
-0.704562212939587	0.309490144520266
0.409670634436707	0.191792697949124
-0.708703465633056	0.310417945779565
1.54235148400713	1.11162981933951
0.672654595386134	0.484999137870749
1.19598661814765	0.771741706895329
0.73256122972469	0.32214129941214
-1.04518314232302	0.442130594335376
-0.122205031034099	0.0457634741058883
0.367854470091395	0.152882851436945
-1.03433327790023	0.437902945320865
1.13585725912907	0.656088553968322
0.362309208458097	0.150395789145968
1.68104960077707	1.62853512324057
-0.972382892627334	0.497764009408011
0.790249890862423	0.536454694089806
-0.0544597870791759	0.0237743561365249
1.49330466237901	1.54418467726484
0.187858011178632	0.09333414435934
-1.15786486544336	0.521764495281342
-0.549783666565053	0.262477381084016
-2.29697775314462	1.2460707534622
1.830989057953	1.35286887540529
-1.06492502932629	0.737066812605935
-0.267459394874634	0.107069814234953
0.780993469041202	0.529666392013705
0.180531253603327	0.0974931655133203
0.541048924478219	0.231813815723611
1.16768752313467	0.747288509758035
-0.0264655008010129	0.010334661571839
-0.950615153551827	0.483321647745883
-0.245748369306507	0.098024956888511
1.57179430087557	1.14352093103474
0.143647540421789	0.0639296957837716
0.57465798385563	0.376587511860923
0.735795842706642	0.323651017409947
-0.0847902627961421	0.0490735086007859
0.473522036946958	0.276357955173036
0.77947798697086	0.430130457240531
-0.450712864767809	0.173256907368722
-1.44597632266608	0.750135826528332
0.443315256315548	0.353661265890396
1.35486414646105	0.880304297202668
1.38612425034878	0.908682493146978
0.922050270352464	0.518063816767807
-0.0863339388042355	0.0266405777288501
-0.125721584599391	0.0470078198752522
-0.000627111495783597	0.000498349924630994
0.426147463026144	0.266976418699254
1.12351870825482	0.647689051335356
1.34188276882444	1.35873557781665
1.00994204890691	0.637785779262351
1.00752938793071	0.636245084433929
0.290636630856067	0.17589505831578
0.107878662297372	0.0570048893153764
0.627201254903917	0.337766881992289
1.11070731722888	1.25906895195434
0.579374592783073	0.489162797029429
-0.812679227052971	0.634010679850369
-0.221242411680222	0.0982042432090545
0.645684679670471	0.349854281228892
-0.0755175369582648	0.0380826824482483
0.570804378176966	0.372256520422759
-0.220837068121671	0.0979725880541893
0.764159562198062	0.685833942491079
-0.160091833378326	0.09198639689189
0.289828139069731	0.147162718073706
-0.0895337680627739	0.0451106242589904
0.972824760629984	0.746883901961186
1.35997776796991	1.07059724181448
-0.600874156630632	0.347203342399328
-0.2589502018259	0.132430914648186
0.17388883824325	0.093976559563059
0.997606660336246	0.894555994957662
-0.119515512852489	0.0562340596456075
0.427632263552588	0.289591218123408
1.56738508309283	1.13662186418457
0.582355845323242	0.346110037534351
0.0119240738290497	0.00539885493180892
0.823698971833142	0.66353006048643
1.0469214636967	0.736363619995439
1.05749889285739	0.744969698930242
-0.610562317349568	0.252143646517471
0.639172062028865	0.245149809211831
-0.16875206508008	0.0628888706124751
0.674099523997631	0.329951343556045
0.859917401608768	0.432444342786057
0.355538830652028	0.147452970892589
1.41198085614427	1.13141374637165
0.660399282581202	0.438447612983501
-0.409653700442904	0.263275541489407
0.943687503236685	0.718439141756505
0.995496613723591	1.14318733135859
-0.11946613286448	0.0676727569032116
0.748651706686875	0.459443238371921
0.0251749462743726	0.0113585004027247
0.202856383903623	0.118864951561642
0.525936075529822	0.366828498831371
-0.194271321563297	0.113257638051596
-0.187815410201731	0.116979528665985
0.395767242778061	0.265161067749973
-1.12173604140655	0.632255621183694
1.22254949998669	1.2192536277483
0.0810447643726744	0.0425192096440101
0.0722526554594046	0.046158270685427
-0.470745550915182	0.342462785681789
1.11545408638856	0.875729817203487
0.569245476573181	0.372358972916601
-0.393822472082183	0.225584162441076
0.258328093106023	0.142687062296951
0.202644189640173	0.11060484737862
0.647193716643326	0.426951392388633
2.31431283535988	3.03695287158609
1.3417622646969	1.15801765258414
1.35723370707132	0.881541522158209
0.151494075928769	0.0675089061187578
0.137030339951541	0.0786044304464763
0.590541740998674	0.419481727866597
0.820130970548386	0.610819010345344
1.26183407736084	1.09607400595341
1.37614177079734	1.0921790389149
0.957342829113713	0.67198470271601
1.55936144591187	1.25005605288478
1.36547320701052	1.19111565831347
0.497717197473615	0.211471846834084
1.20233191358459	0.776774270151777
1.63757874368162	0.979092697919348
1.59454920138927	1.05423367654092
1.46722071263811	1.50975232830487
1.48358041487641	1.53295766570929
0.651999703746937	0.640765430772772
0.12763588313946	0.0721980260930488
0.0949040720948796	0.0498836390264808
1.32066031628883	1.64963502801951
0.350634211514031	0.244890390751968
-0.0242257660209379	0.0109536842259898
1.37224905615067	0.896184550613041
1.07684821674419	1.10536726976425
0.901291573910658	0.843559269210404
0.393336065578684	0.263255351084403
0.729839240447174	0.575225728186676
-0.641726653637963	0.325221514894638
-0.0225784636701044	0.0121256143589799
0.44117032986107	0.366208163257931
1.05657516092012	1.19231860178743
0.367411841958143	0.3060449723788
0.649075030005986	0.429395791107887
1.36607447899608	1.39736192834247
-0.327763157292889	0.214169492252976
0.373638509765571	0.232365176168143
-0.407380043944907	0.233515456698464
-0.578571088499136	0.489909711983695
0.914941091106637	0.632357743961771
1.19000397313064	1.36677040398956
1.2555699523347	1.40404608510834
0.760125292790669	0.606226611979299
1.78285072100595	2.73258695815642
0.659427265794089	0.57192151880368
-0.0544693001177994	0.0318491937295645
-0.470328379012487	0.181650970272716
1.49068404110013	1.83063680298188
-0.0655158094236799	0.035374578421311
1.84683061533149	1.78673417291143
1.22408708665068	0.876365643994409
1.0755199092254	0.832344479200579
0.643019307862745	0.349119524929818
-0.30305838168488	0.162340256930373
-0.103827675691597	0.0563948120083294
0.49747229600659	0.344410070271892
0.192243685322717	0.104681302265142
-0.225585202738481	0.137040624484353
0.701726388015532	0.47268376226296
0.76978802917246	0.692328321045931
-0.511987198797042	0.436904132509198
0.102604174856826	0.0540134892743383
-0.427247568175007	0.319251275806924
0.279416812758094	0.189610568507004
1.72505898115619	2.16470381315667
0.644902721564221	0.527706802098946
0.440889752113915	0.365743642889232
-0.386819891921731	0.219966772430848
0.964388150886737	0.736267070804
0.510464565182302	0.419559131859513
0.280928096390874	0.127994993227813
0.0752076139170915	0.0534720706891762
0.749726268750456	0.594943633734178
0.994979541973868	0.951715686001938
1.18829349577782	1.17257532913228
-0.0396995204745088	0.0247414294787816
0.34412944860053	0.239893582741408
0.0650564696253845	0.0281730385077589
0.0423674226416441	0.0212894921528973
0.010600894951781	0.00479217379155411
0.516023856792712	0.273974636378305
1.75590938185164	1.98877697237235
0.660901255903529	0.514340393639001
-0.000882114577485954	0.000583225832411393
-0.473178784790872	0.252403763764043
0.47836772915052	0.30592515436383
-0.212705998251426	0.10700855151847
0.819244026420578	0.608691775839052
-0.19678486405711	0.0982742046894636
0.951205030218523	0.784174254076976
0.931419970507482	0.869501480080843
1.30686576932992	1.48613133110717
0.96072276890536	0.7350743303841
0.915911400932028	0.632268270553861
-0.126794093013937	0.052158767835491
-1.45795959910691	0.757719163587942
-0.794272669876618	0.366455959731041
0.933100503031953	0.64968982605744
1.10000810700804	1.00604217383935
1.71061304648071	1.5111884674414
0.637229872566423	0.491328807923062
0.228088528977443	0.125436601499114
0.0126883300514439	0.00654424052389491
-0.0970233142429836	0.0490773688499762
0.84263689432341	0.682365654646909
0.456454671369162	0.289334630650021
0.706603251909255	0.42855897459657
0.303039852634314	0.154335282273747
0.722479183279691	0.56749432680963
0.377709205167739	0.215654660613019
0.0950633305353501	0.0458984745091512
0.48956691221498	0.287263398947204
0.661816516608869	0.438629296455456
0.748859515786548	0.701155864573026
0.270794508255673	0.162892886791634
-0.310434749972737	0.14676633603288
-0.305407305974772	0.197000710529706
-0.118102862333977	0.0555512680700825
-1.20362659444536	0.547296553344477
0.480713522945658	0.281532224314804
-0.219681693649024	0.123951369214248
-0.143563170422539	0.0926077421276215
-0.453689865839583	0.370161246993872
0.2739009756068	0.194431157465245
0.585756726784667	0.385507833255315
0.666966650825286	0.364599932913189
0.708383221112568	0.516507017848946
1.36045446661952	1.07304319984004
-0.0127615869853323	0.00449290748350957
0.974790454844913	0.86933788822696
0.415671882378436	0.281218081130031
-0.800842693644454	0.452826576151548
0.298672817694182	0.152581518626135
0.758980976971266	0.643313738732463
0.507207378872059	0.298258427438437
-1.52463679171732	0.824076764403121
-0.727590777619873	0.466106836331576
-0.122069200933404	0.0506245348709491
-0.016130341442189	0.00561381734435846
1.62744349197416	1.69257701808898
-1.15330516408973	0.519554617840247
1.56375173603585	1.25563317127765
-0.0165650444771163	0.00638177917226569
-0.111164966588559	0.0522185065908315
0.289731538335503	0.132469703811535
-0.62811290508713	0.426098056977004
-2.06893913068684	1.58217457538219
0.758375330970159	0.678799185686784
0.631650018151629	0.454803492892489
0.119828095020718	0.0675677004627428
0.0439560422886427	0.0220677677695927
1.07512461122746	1.03905359917493
0.398770988808724	0.208092724211623
0.0959836056287208	0.0598256852506964
-0.278333459916846	0.242196187235352
1.55247983340757	1.01558818386884
0.595851294868436	0.629495324982818
1.05802764094261	1.13697037889672
0.194163905945208	0.0963964479704632
0.303207628464253	0.196239303942829
-1.06079885365492	0.571512017526084
0.795233127450608	0.854040069969554
-0.847411183972297	0.804157509877073
0.738890733781313	0.543970707827271
1.08581110074669	1.11918527309686
0.964483483252508	0.738030417445032
0.432630739844556	0.310905211411511
0.624035078169449	0.479333701778079
0.876845330052925	0.767005831208547
1.68841505871729	1.63206667739708
0.348454892308181	0.214417464647676
0.146446467155304	0.0784907088796577
0.289031025108216	0.146433516878699
1.41688723042273	1.53234830175712
0.694530601383407	0.611131100885697
0.420586926092354	0.220276269309836
1.6820242193086	1.622413156265
1.06612701312272	0.753036468786553
-0.283442903600787	0.150859618762638
0.184452511790125	0.0819873473707875
0.158135035315267	0.0703535665644462
1.06866331669987	0.968803080099645
-0.094146919251141	0.0475455420339332
1.02678436176535	0.65187119353437
1.22795275398223	0.965121473070272
0.0776038257826541	0.0375117719467356
0.866493147884254	0.884365110728304
1.21920008264113	1.21424358232289
-0.297776415782117	0.191567660289117
1.76765895783007	2.69147600860867
2.44731082029245	2.55412550469455
1.27371695554968	1.42987776959882
1.39520610929582	1.60381133065215
0.0839765929479521	0.0402866269597621
-0.478491660861357	0.25631595822881
1.08643499994446	1.42325551718247
1.22155997613967	1.42228872056246
0.718756829590741	0.750909249453738
1.10790715252689	1.19178183527684
0.759928378234913	0.604877567546929
0.0396700780076075	0.0250453796251329
0.539376819379298	0.425602357591565
-0.448556943066262	0.269770063296935
0.111331769489915	0.058803634163686
0.00416476487073434	0.00260103586448246
0.541282770931748	0.289077489623809
1.57568844322655	1.74599143786443
-0.649007333539854	0.393501640087347
0.851142695680085	0.688708670948719
0.0139404384577418	0.00627527191008982
0.426414418232442	0.404355072310624
-0.04264767731961	0.0187985716288325
0.187240938924029	0.109199161181449
0.420995638544166	0.243985587076762
-0.279408736194771	0.177698042043363
0.0513857427683241	0.0339701619064873
0.612323260313018	0.437651443878991
1.57946873349388	1.27281288887752
0.42187913538143	0.318033013652686
0.87171362622673	0.807000544252064
0.770596102113238	0.728565451246942
-1.96330428886069	1.38949062523424
0.801828550131356	0.593930468258017
1.88984196861428	1.26400314119713
-0.390187887414969	0.24806006357084
0.743406262974246	0.626015141192032
0.98973847018506	0.82646532382659
0.505324274089368	0.350667941769333
-1.53545627662245	1.15079733456506
0.839848630959355	0.722722115535775
0.822331564070518	0.746360504861219
1.08050874473681	1.17206372967494
0.380619194549	0.216346339110413
-0.765554301268573	0.499174833183801
0.487044923671591	0.335500018468832
0.758617808356713	0.679209412068153
0.537485534680397	0.401829331441649
1.05285856655147	1.1307817359687
0.847708906269624	0.776648192525109
1.07685133220257	1.03994102176604
-0.187765005279971	0.109436339099255
-1.80395444450075	1.59924079699222
0.680694489331351	0.651210867249345
0.122005319104821	0.0804145095176673
0.953671522191997	0.841740563060547
0.753682110370177	0.598635708959006
0.79668512690113	0.543022102251782
-0.246557111246548	0.161103106650284
1.09021840650469	1.06279713968216
0.156005445051426	0.10449109987601
-0.0713428695982036	0.0410249380860878
-0.0809928790577844	0.0437519727692726
0.281617120262906	0.169764377017433
-0.204123364367447	0.13040170253449
1.37857705611084	1.2028292779443
0.376502898948146	0.215887010512185
0.751263993914722	0.669671021364365
0.383159690755311	0.218679311477252
0.356284157139961	0.220445707755725
1.22855065068067	1.22504961821519
1.22848410944036	1.14045360636386
0.740851428999306	0.454014908505443
1.09654455218617	0.998045993775334
1.17533350505009	1.23133569396947
1.28375502362124	1.36415271204743
-0.18024318505462	0.104718336428106
-0.472643284567122	0.252172015948882
0.449672344042842	0.285573762450606
-0.657106486280812	0.504588063698698
1.368419072758	1.18285854526282
0.40101035461694	0.208165983296341
2.49000943417141	2.63064688109
0.495679432512844	0.234711262076943
0.115659459162204	0.0450723737521972
1.33117327715203	1.3476010569951
0.18091824927735	0.0981226187463519
0.180957915141708	0.117506591424889
0.443447119695529	0.279578944816645
0.182449725493976	0.0987610119871654
0.828580716909124	0.616161265139976
0.996584066769763	1.09654643900886
1.21760664173647	1.59879086546073
0.965162721897691	0.859336793584973
0.275156910050324	0.125197505117791
-0.323039804344164	0.237665677250828
0.851393812600269	0.780763053855472
0.281557713833528	0.169551607940241
-0.303571873083739	0.20873712040321
-0.169460481879047	0.104051592391137
0.498493511256273	0.293459321775209
-0.317942554720613	0.220054695426947
0.135784486893363	0.0937353453113384
-0.586377704430707	0.384979586950777
0.402646421893435	0.231889252067086
-0.549867068292502	0.479501163399193
-0.299010928277533	0.204964046915318
0.0578720777362001	0.0391089566438451
0.0819578738907779	0.0431828659145193
-0.0279414070120213	0.0155733492248546
1.10753969927874	1.01364079122824
0.912687769524253	0.938275503018715
-0.432511953568393	0.280437975761937
0.741258138792987	0.585513227275456
1.65050541663354	1.72590059775117
0.0735761680430708	0.0456077984503126
0.282853654824871	0.158438827411278
1.41548419986441	2.02700424617786
-0.192506226104507	0.0960034869849895
0.627494410630967	0.450777712626928
0.177747707405197	0.0883255355677441
0.266041289496476	0.14818141000943
0.489965847976337	0.286093915702193
1.15956420153752	1.20548800000796
1.20413492725238	1.11337549602035
0.709817058153941	0.554463606437957
0.162007863157563	0.072163490929294
2.20034870941589	2.68070636653759
-0.0734784307952396	0.031968344650524
0.357802911575831	0.235984874754541
2.08212276871709	2.68983749191354
1.37387968504453	0.726329958015383
0.102635588018797	0.0498185424048151
0.105760102909515	0.0413755070929401
1.83947731438604	1.77466571697005
0.444574899947263	0.281370051964467
-0.551324784710496	0.312294397866901
-0.128218820310376	0.0728195036788431
0.288322584176596	0.174292521122063
0.302740156336683	0.236195477424008
1.02080732671181	0.645811638433573
0.518141543675137	0.361380414159249
-0.556455108175603	0.399211261559021
0.693270347921698	0.83179203493255
1.01724400253466	1.12870651945397
0.165057643389929	0.106536562826997
0.885265157685978	0.727699956100831
-0.531022954486974	0.369403799229393
-0.669492006125579	0.522747106022586
0.182919565086533	0.129232389995353
0.0767749031421432	0.033157861051864
1.89905553567874	3.24099077913066
0.883363948032225	0.908851109319055
-0.187147320171677	0.12364169586492
0.120795823637316	0.0760016618156714
0.342509053528383	0.238603434489049
0.736021220518894	0.580987375199006
0.988703042910638	0.886487235805561
0.0995915883287177	0.0621501353987944
0.224714196215915	0.155885564408637
-0.559371612155284	0.468361097216158
0.483103363366824	0.481758911026404
-0.179663062965112	0.11143859530833
0.515199209553217	0.273695213850266
0.83117461121615	0.714847506531557
0.597629433217025	0.354638328089852
0.607579631712953	0.365932660132535
0.410116700717774	0.191911076324204
0.100871099875295	0.0566218813385336
0.870630151220521	0.758150933996272
0.824778484666518	0.827116388385073
1.26016532879232	1.41092806298327
1.22363961120885	1.05087658846871
0.868451569990351	0.539699673733374
0.499855505228055	0.293627979192115
0.313260404094838	0.159831710279584
0.240762469811337	0.181856389678708
0.0325239991388315	0.0147386735238567
0.426802629322575	0.322827356121033
0.336835155807125	0.221372327026608
0.352582817455363	0.217594747612925
1.53351744783023	1.79538531953219
0.709624752129834	0.518702440870527
-0.0914726599368808	0.0496081687892264
0.157376528256351	0.090892726283583
0.826397304536022	0.616703586748267
-0.0138171207988973	0.00537355098403504
0.382273599457084	0.25477957115007
-0.793647837969923	0.44761836524865
0.900927153014476	0.565143849276139
0.379327985137843	0.318215282059469
0.847549645361928	0.858145229665958
0.0841790732907414	0.0408348749977048
0.486540621554145	0.377642987312984
1.28432952890134	1.45188556588936
-0.554525872677453	0.314744467455405
0.754525235155931	0.637924377070283
0.522032015885153	0.363861730995834
1.69806179849659	2.25252366625057
0.885073586615761	0.824272112602196
0.674572953496853	0.643926019284774
0.155291292686229	0.108197619659446
0.20290963130802	0.126411399964736
1.05917223018749	1.13887662720751
0.668745280861479	0.444839279712334
-0.789931888623452	0.446319937988585
0.279549682138859	0.155498245366203
0.334204433722678	0.231876500745745
-0.270042119186243	0.155544751762688
0.700734782548972	0.345015128839643
0.193027215946651	0.0781420918274483
-0.491370569466496	0.263362437996773
-0.265887662693848	0.152571119094975
-0.215200047111584	0.152060187591485
1.52964995280557	1.34068159331435
-0.0469061004277931	0.020554882057994
-0.427990903470621	0.249691466329853
0.569460992899981	0.401479188621475
-0.0640355905779933	0.0368706018697675
0.0170018790406866	0.00763578582178911
0.794512128590703	0.539745104538263
-0.0520586885288087	0.0264780498324791
-0.697569238822944	0.441033321826667
-1.03506024274652	0.690204034218481
1.10790033726147	1.01640319263593
-0.0790731748031418	0.0426891520131866
0.62445523321566	0.374876727534018
0.843313171242899	0.632870607438714
-1.02246986339594	0.678625480436131
0.15899639985014	0.0788357824914529
0.391331987605911	0.18239252477525
0.767866350732635	0.652914040916909
1.01161427634112	0.698521512144988
-0.246825520757695	0.125187948724441
0.178414133713508	0.0965571784851597
-0.0267166719545309	0.0100536286704773
-0.0550829494886059	0.0239568950608264
1.03185740540606	0.655019117210581
0.382807665775913	0.140838536719693
0.592539253777936	0.351629151551045
-0.251721379311862	0.165266242595544
-0.319681043818572	0.0945526611254684
1.59525412865087	1.05529897865396
0.386762412635605	0.180324505061923
0.00771776416761113	0.00212594327607424
0.872772471361437	0.71513147033092
0.668927140298071	0.365477376340564
1.78130673789597	1.4476693761612
0.446345903861683	0.304339186247897
1.10060139825451	0.858131448424416
0.254811554417444	0.162159619020462
1.19317870582984	1.32802663040482
-0.169791103540506	0.110777275422121
-0.692219522177641	0.366895261902038
0.220467805949322	0.180804652516862
-0.216733768884269	0.0960974923324697
1.03247987744652	0.655684277327896
0.951102709688672	0.722112034145926
0.323844520989641	0.165790549423432
0.653418364931477	0.591642687917162
1.34905468254973	1.36732455316898
0.523317794504699	0.249608055027151
-0.506258915839043	0.274216832673121
0.747213092899447	0.593056535289931
1.53072222677794	1.34423625053774
0.656298674664402	0.319861632044552
1.23707045835905	1.06752667157978
0.968265984990238	0.859472776545008
1.15924010786487	1.27148431754837
1.8325862136983	1.35503143129018
-0.426261120432475	0.216888111380083
0.500731173134024	0.293660442765588
0.515443176773962	0.246120607880779
1.92512126280682	2.19969261292732
0.390612290792745	0.243802080431672
0.937189859979304	0.712654327106858
0.393358958279997	0.204281727096246
-0.634435858274561	0.320647011237048
-0.412338541539313	0.286031725742569
0.381223621854056	0.197107374733549
0.61749378161177	0.370319119336872
-0.789307528476686	0.365063829356866
-0.266864262793062	0.153433490538873
-1.58210693234083	0.886477373169585
0.926448884865233	0.640779087378366
0.730778416989519	0.576148113777899
-0.513498540021506	0.381196287601263
0.629914193557021	0.453302211141906
0.305663021934102	0.155520387904607
0.0880333666588497	0.0425247500123198
1.81771432386476	2.18292866612737
0.799424912868062	0.591149260716839
0.802048715467849	0.594977329719829
1.50955094446174	1.43854994908982
1.28770118354266	1.37177599440598
1.2195381445041	1.21358902514073
0.0084990592330812	0.00385689486759781
0.156184938734983	0.0692104286864771
-1.73952201390361	1.06664133474743
0.0129168205274702	0.00584574732238752
0.84165817300524	0.521763257422767
0.608889318928853	0.362857842604479
0.642875493572785	0.347689724232623
1.04204452876981	0.729723039463099
1.12428495882531	0.648205265394919
2.52577381090533	2.25945695223656
0.102463774658697	0.039924357007035
0.856216576023409	0.787373737453055
1.19972171765562	1.02492346643587
1.34084036403866	1.25937240444924
0.655322448568779	0.434399416210564
0.576977315499408	0.377310377147961
0.746552819268785	0.458370124102202
0.355810871234058	0.220061330835694
0.434908201126806	0.34735597762407
1.34709055388435	0.791832598797447
0.0427032194508958	0.0189196215681596
-1.3564275859682	0.895832549781803
2.05253830132548	3.22480035214455
1.07394674057631	0.829969584094803
-0.418044389186104	0.212158804481734
0.715090166442439	0.521963631854139
0.846958530570699	0.730408030782645
-0.0476690600785274	0.0207916176007702
0.182987385420895	0.0816576868458168
0.536531115822038	0.256529823216301
1.16266151980642	1.44928782564783
-0.696963044372926	0.497321787410385
-0.744467953567799	0.605711075172468
0.301500646281805	0.169170093447569
0.708636510348779	0.516286245624249
0.973945975647332	0.810367248630799
0.98148450482068	1.07362953799385
1.3002238150874	1.61086891795092
0.866229778748618	0.540055313509206
-0.0205955786204247	0.00937231273596649
-0.0010946651833709	0.000672786021795011
-0.17969366025186	0.0893892254046238
-0.395822852201077	0.290538737539511
0.74160348273634	0.452908784064902
-4.73921299466648	2.84923273071958
0.112111287348988	0.0590992962521667
0.0510587333785182	0.022499252648338
-0.571981149151311	0.371466635349877
-0.722099572789907	0.523207382101362
-0.814847116501348	0.379017009505894
-0.166712747344045	0.109017931155164
0.679900375826083	0.455828213415217
-1.17304727786112	0.866081791187947
1.55302736868515	1.83475561684091
0.761375268920736	0.715788261644438
-0.226850019411661	0.114344622471165
0.573230993457395	0.374876991715215
0.285882139201484	0.172516241017406
0.347368707601841	0.242475899232655
0.931745622772953	0.646084925061583
-0.847259657880973	0.585501679679801
1.21209627586035	1.11896807284024
-1.48850403268597	1.08244316295872
0.853252152911325	0.692540480785299
0.496631384610537	0.291813469476805
0.943118884153108	0.831229766108754
0.210278041281575	0.104916892583426
1.19782725028417	0.932661999897635
0.760924064117365	0.419328261786079
0.890669813181976	0.830048625417051
0.623548958766213	0.375505697783589
0.0919535967024821	0.0443659203860361
0.217802834914619	0.136613032525081
-0.0695931727920921	0.0375036918683543
-1.34863179706454	0.88741433111241
0.992852025998991	0.949873808517283
-0.605972696221546	0.446356944811317
0.294981485692646	0.150098662436531
0.873278164154163	0.852748703930755
1.56056176217322	1.72382985478871
1.4183141556631	1.03380109278095
1.74895541794751	1.97506184652454
0.0412015233241348	0.0206608007857522
-0.623219413046231	0.37305647010895
-0.536986831844509	0.433447370950094
0.4058990802083	0.272812154870026
2.28510211548356	2.95849962490408
-0.0846993761385997	0.0457497629496863
0.972924990450872	0.747130488196743
0.593447752641274	0.352339625892071
0.174702146280787	0.0864603190667596
-2.36072778252826	1.31636402918265
0.521940993569895	0.277548893875234
0.76175121460645	0.681668237162013
-0.336110349513304	0.235575259470045
0.658966489607867	0.358230126816004
0.154468423850413	0.0687548541711981
-0.168340575070634	0.0799542163203059
0.248319506842622	0.137601468014457
0.937895625067071	0.973140921559378
-0.211108611803162	0.105820213861502
0.418893984000383	0.242574552203926
0.7506704418516	0.461431497481047
-0.579501548874548	0.239633002589866
0.140279230504787	0.0745136301911456
-0.89380431556825	0.435876870304791
-0.348029058454902	0.212868106155382
1.20148041642503	0.85308518945085
0.631033352498874	0.340919267995056
0.555052809129538	0.361234795681667
0.284096712806122	0.158595986654892
1.66115816522789	1.75088843496426
0.953960107210446	0.539800040268969
1.74181611525808	0.932671946385206
-0.692439838134958	0.303653828440443
1.37274718843743	0.989434855515083
0.42867946654652	0.269686587912132
1.32859407562934	0.777428837027292
0.0127721621914623	0.00659929315977373
-0.847454393091071	0.673887823117196
0.839026871070534	0.420135726933637
0.939592433889265	0.653442807070966
1.1939185547588	0.932885688446113
0.745736088209867	0.457682374808779
1.37011682975746	0.984166992652883
1.19153477526782	1.01732852065557
-0.856388970812249	0.330814459663418
2.5283480367337	1.87592429353134
-0.289723983158992	0.115340178616576
-0.167656103489936	0.0626194682702085
-0.124661799309127	0.0515943838189423
1.20242496224763	1.27071007174062
0.0423537437833422	0.0212375625561234
-0.156992689834032	0.0838630604504595
0.865631292568247	0.537408139508005
-0.147788163600623	0.0788823161934327
0.863969447906205	0.704200801950345
-0.700235536356419	0.372020684869395
1.68147134579408	1.62503464911926
0.0627073663075894	0.0248226300789867
0.640191845931816	0.346229683109839
0.755355243233392	0.463715837168493
-0.130022146044036	0.0489586234816461
1.37878553654456	1.57503703638012
1.09068566841551	0.99235349017992
0.0197303065532321	0.00985457908465383
0.924798575131873	0.64056555329316
0.142142553669704	0.108337275284654
0.761752564974602	0.683591912874684
0.070672296478839	0.0437534382918386
0.245942413052828	0.146522084631367
0.377931536450295	0.280958763995814
-0.556740384559056	0.543100154851395
0.116984854676106	0.0735014719208728
0.271916321166597	0.137817921732478
0.608581150178124	0.363606393268599
0.281284851620395	0.191082347290205
-0.165843565802046	0.0787241250042646
1.20557584203796	0.858290065616339
-0.651749511891587	0.498142768870393
-0.110376469677576	0.0558785325280657
0.300466202161508	0.153655519951966
1.22314418324345	1.22018329146269
0.300466202161508	0.153655519951966
1.012800525455	0.640188304974715
-0.818106761168839	0.38007723402186
0.194734547694077	0.113799079272332
0.425508058715682	0.287831556568589
-0.368438808966037	0.156670174111605
1.20491069516484	0.937901307084723
0.09132323963732	0.0442210415515462
0.723103167221497	0.317287520818566
-0.293231733109379	0.117821896107893
0.642677135978472	0.426677761024711
0.558879088826924	0.445637787756716
0.993760073011629	0.623786646947389
0.270827516420845	0.123777645325329
0.965217573485464	0.741621023098163
1.71837264580324	1.51971242624123
-0.28425809511715	0.100414735488119
0.162431972848908	0.0578991893574837
1.54024676577906	1.23110542982299
0.848475325633573	0.524818076222013
0.508645233949231	0.353708320891587
-0.282844802464953	0.132665162200025
-0.157408480972494	0.0842249058136434
1.08924776700503	0.773752385137581
1.08889525838325	0.772050617799944
0.494393983852605	0.290239138296535
1.35145007279053	1.37322800644718
0.0403936760117747	0.0178942261065186
1.38616243603754	1.10013651716941
-0.338780275654294	0.143262309362766
0.72618651503526	0.44312722876139
1.26920062787441	1.50267840848999
-0.0636595509452362	0.0343197307491972
0.477306843361406	0.463816192530557
0.565013517108504	0.47336984490764
-0.0417642742206135	0.0276365464671196
0.357304953073008	0.286895294288407
0.463982422019338	0.33898018441854
0.384484005111322	0.256540884223429
0.413712797884923	0.279523127612872
-0.436202389856211	0.284516048880211
-0.00431492761189555	0.00284899141518116
0.85513594293198	0.786105329536645
0.898847592878931	0.619115650052786
0.478751615002875	0.351586805489469
0.417435251367016	0.282245967449236
-0.166237194995147	0.102129650172732
0.68257224790045	0.334625986313487
1.55967016342455	2.03047096835105
0.147837573602385	0.0733580929147632
1.92159320379876	2.46401399139085
-0.693343243881845	0.548859618770321
0.161284047950695	0.0721522496393214
0.451293470205974	0.431838226023134
-0.434147663417456	0.309136310369601
0.111002736697392	0.0667467925800048
0.992180052028031	0.946626214960682
1.20742934155822	1.27682976165386
-0.2137749859906	0.0946130253905823
1.19473128465184	1.10028440871513
1.88438001731479	1.84524609016529
1.68606987933409	1.62897205365224
1.06361605243011	0.748260591548178
1.06021635569746	0.600660716548977
0.632461943284137	0.381678767798033
0.85518804847368	0.429696227084076
1.20976366947304	1.1196675000147
-0.158800998015249	0.0592589471677635
-0.40911667495056	0.28316671868752
1.11605395218695	0.95441929837209
0.0799881652707992	0.0345459046782081
0.367344849397162	0.227502566896426
1.2181279816434	1.41529026937483
0.286267963893487	0.130622270702489
-0.177873429819389	0.0957162750590172
1.83463370617407	2.70496947655932
0.1833073852656	0.0993193450150048
0.868150981250587	0.802371637868655
1.41750373706843	1.79427323527726
0.237589650302888	0.141414402758133
-0.63965760767863	0.486027991837361
0.539401529431155	0.403071345728145
-0.37169975593988	0.252428592369289
0.546046675250807	0.292942786207853
0.764154261479674	0.471591599269865
1.82576951398271	2.20454331987796
1.25647131258195	0.998074657148293
0.105764112197294	0.0555536853154419
0.43169595675604	0.226772263400253
0.972549292249235	0.747143484894422
0.00330230481834805	0.00171626760119238
0.585694539535274	0.53584560445612
-0.257323812743177	0.158481615807061
0.9249672255006	0.64085835453982
0.0826046213646264	0.0356690647739777
0.944316142542394	0.717599186291093
1.46445118707828	1.49470252654847
0.924125248690308	0.519963353931112
2.10328377716808	3.05708724403428
1.71881968483596	1.9166396213006
0.294211327473448	0.149832188333834
0.749464079142498	0.460699439403834
0.920216784632766	0.637588627406725
0.670726411670444	0.328498791118786
0.999174311096602	0.900660626545792
-0.598505907819876	0.346349021047029
1.17348374735019	0.905550357321005
0.844706209291291	0.815807514345421
1.59985495023944	1.64632860582193
0.739129961254318	0.453649842450363
0.170359748909934	0.0598745444880195
0.304281287519185	0.155148136167015
-0.0976274322861795	0.0566675710405719
-0.597409918413303	0.40074696969115
0.185119001456687	0.120459758442205
1.53154665556705	1.4752496590444
1.57944611286008	1.15277865283099
1.05829499151613	0.741647472982036
0.52302318900306	0.249244101077815
1.87406723352225	2.6353137559232
1.70440056211826	1.6625732156942
-0.347945414211276	0.229217464140505
0.870141264885075	0.757671845485714
0.922559419338151	0.637193688249664
-0.424293542983288	0.216366503455453
0.656434585046246	0.508361730693733
0.166430031799928	0.089997388973906
-0.587390981365664	0.391371414035223
-0.709152200287028	0.510514155423011
0.186756925420471	0.0834433902434688
0.026772685494014	0.0133721410020468
0.59542196256215	0.353937024735472
0.512184996126744	0.217884503220586
-1.94226385210433	1.3629314420698
0.648094726005157	0.351743299230838
0.211397442640961	0.0859561078612688
0.277265823678676	0.140927009524481
-1.73608003239048	1.06406931235619
1.5566927336965	1.01967419418639
1.14231569946609	0.661240819438254
-0.599810453026816	0.248782742009084
-0.319008701831519	0.15111972901084
1.5035943770247	1.43900413235129
0.511133933796254	0.301416787754064
-0.961530562713194	0.489604151767748
1.08762642150494	0.772427479978374
0.975034555299544	0.807853291408007
-0.11588408193645	0.0544966127411559
0.637676303110245	0.459228506192941
0.296522555914767	0.150830638063022
0.286170777420292	0.17288655635724
-1.0337630115858	0.436366014303399
-0.389361245128218	0.166250187972011
1.07736875363057	0.829504829740048
0.73343768891719	0.322299741234243
1.3776231931451	0.900846360616217
-0.362517177627587	0.204433782573451
0.0734395240631494	0.0318048857805031
-0.19885344387164	0.107996132136976
-0.188268511200685	0.0938628595801765
0.0047718072329508	0.00107890497620965
-0.467165943801274	0.248586784403449
1.23915926759309	1.0686101667422
-0.65608933427954	0.333876818154657
0.964370836723556	0.801671647143708
0.632891334823938	0.341951020669341
0.534047343599613	0.37443286128842
1.08374415616091	0.839015171143338
-0.803158637019964	0.37301652646178
-0.496943944213712	0.268451524175004
-0.65175121482281	0.497285084282951
0.186460158644544	0.0833222512972027
0.93975873620787	0.656195831575695
0.470889214223767	0.273656506193654
1.5630671941072	1.13191451111992
-0.726096536872929	0.389896123659474
0.673494284495445	0.329716546374796
-0.644597273602995	0.388130553463642
1.74088699261349	0.931736396172246
1.13087948593855	0.653039284955364
3.22663100986551	3.29465816102065
0.235167528528589	0.0950421378203381
-0.867939065309483	0.517167808773713
0.521406926903569	0.277631975455854
-0.660392227989363	0.33657401339916
0.958617057418078	0.543124070923191
1.34320454007035	0.706000112812334
0.95984069465046	0.73704096363098
1.38456275235086	1.20633634730429
-0.036827988255263	0.01197756989534
0.552488416605007	0.26534114864598
1.66993250824244	2.39139364501299
-0.19686554260199	0.0869571313303307
-0.328913842747434	0.156346680649088
1.00378940340828	0.631768769232087
-0.355840271885182	0.150668628660362
-0.604019451154542	0.250229730814268
0.711143115383587	0.518281750979027
1.19636860850381	0.771559658393087
0.270088000640241	0.123524630010692
-0.332613160209191	0.117225988254098
1.00806834889989	0.456824796860515
-0.852356968221789	0.329990467508404
0.243746518795586	0.098395882285074
1.43584459208227	0.672317049856132
0.525953406717832	0.251140349716091
0.172359508371746	0.0767859650190955
-0.704480705379901	0.375236441473149
1.73904855412898	1.95868705865843
0.41243728976123	0.193590087874997
-0.252567635661899	0.101040325496727
-2.13891827335054	1.08018430797083
-1.27168156600382	0.794635536285779
1.63995641832126	0.982069883347321
0.504533581521459	0.267520252540952
-0.122104068708809	0.0761388019528011
1.56210707078314	1.3823477224497
0.110696253467744	0.0584057527535218
0.962439160187133	0.797146926090283
0.459015229278479	0.291064572336817
1.82616737501141	2.19864058859569
0.509295271657147	0.299795619141176
-0.0679321536415322	0.0398863430393419
-0.35434343165155	0.150282027851417
0.641282007270872	0.346546909811135
0.0893609460089255	0.0348249530621242
2.11521400440067	2.76460973734548
-0.428561898361194	0.277543347036244
-0.77476734461959	0.434582363438779
1.52874651788454	1.34155168838492
0.180551249643122	0.0730542916670651
1.74178310245946	1.96131738197283
-0.09727325606133	0.0457621643171905
-0.620662020291297	0.42075742040176
0.690927711725241	0.33945183237394
1.59637165432699	1.05585308997381
0.0776751237262295	0.0308047372209045
0.483988143731858	0.333240279966214
0.35421911276477	0.182584723808378
1.02393337799445	0.650677649927522
0.269113418354215	0.12272774619781
0.157750153893018	0.0702262203023914
0.534063865610099	0.228319307032042
0.730092824139462	0.646150013919828
0.35162749880845	0.217422603664744
1.0907699284599	0.847496286030134
1.5033888477941	1.74777561972549
0.70217984565958	0.345781166199836
0.262390947492445	0.118995645842246
0.0787882688724836	0.0488854230769335
-0.212670208992247	0.106907443846247
1.18530938243058	1.08648702603851
1.08273238754238	0.839618972124814
-0.462375162443314	0.20843557003739
0.568709795329499	0.519890744058896
1.09047948955548	0.924330926736606
-0.574391066046456	0.373779422701117
-0.00859111053396553	0.00343506266573051
1.35919956858641	1.53871086007582
0.0174135854605216	0.00909043827295605
-0.510955902504364	0.277109156693971
1.36339324409087	1.64061872956132
-0.809067167592827	0.547903191697471
-0.120669250184514	0.056707807225857
0.927623389275802	0.700577912478546
-0.29207369231935	0.155914468688569
0.162283389861613	0.0936747179940711
-0.777649339548176	0.436322513056266
0.365891014285554	0.188528384053482
-0.550735381459362	0.262779260828707
0.278425568899879	0.127047456607064
1.08158606665643	0.90857832987955
-0.251852701411225	0.100578731893218
1.37683595848589	1.19821805082025
0.928271214065771	0.706945137453444
1.43561699337425	1.5705805428295
0.934869847220123	0.6508686624873
0.2051509393784	0.083098358330953
0.789501850045808	0.537462255766376
1.36747763983688	0.892293011132358
0.841446110714745	0.680081165469373
0.675952824208493	0.259888965582565
0.101117811281396	0.0532017653464505
1.43698623809556	0.673034306643169
0.528886818591031	0.226381083624579
0.0104813705613189	0.0046976195053061
-0.490078540887471	0.334288669017281
-0.108400943512962	0.0710877953214347
0.0393541566506295	0.0197268664084711
1.08328020487139	0.91135823543178
0.58614761176295	0.385781314497819
0.431324038646223	0.344038590255408
-0.449286300524123	0.323080357636706
0.546426797137475	0.353649447120316
0.517524534496672	0.382928932835988
0.471887174331009	0.275736841330865
0.944099220625513	0.657920915335974
1.09017124228409	0.918188165232619
-0.220842857690701	0.111104543779032
1.26962402496412	1.42466398889399
0.97440952074744	0.977556041614948
0.300015401953504	0.152272694352801
0.745465480622207	0.589125697929289
0.771257525424765	0.616019648753825
1.09331534976996	1.06311664367418
0.11689100470907	0.0420346730792918
0.104316855211367	0.0409003115780464
0.217858787506396	0.0880329834936001
-0.798227221303572	0.452187642369847
0.754789502325164	0.599754710369157
1.3766370651795	0.90018145464766
-0.715491733999788	0.314678396624096
0.535044455891774	0.344443181363142
-0.601196396177122	0.30031591749525
-0.312903908671695	0.148127357880688
-0.125822721938778	0.0523945440624564
-0.0288696299478422	0.0128741542927209
0.918157477246583	0.633022595958801
0.967982081277373	0.801191880545759
1.38938824035448	1.10402308330286
0.0755376247881002	0.0299948879613275
-0.817052632331635	0.466409880815258
-0.277346437773484	0.110408796605784
0.517254808303066	0.220666152251367
1.11003683556269	0.870370938236579
0.578310795527101	0.379636498258733
1.06599545575625	0.548354065218846
0.659527709914379	0.322448147407066
0.364834404751579	0.134434945143347
0.226480494312803	0.0914636083871697
0.866758877615784	0.538757735119544
0.874976654579369	0.544232458631421
0.7270322392647	0.532350937460349
1.31638438632679	1.31951602569855
0.737935708233604	0.451601414918128
0.950176589320474	0.780991311083199
-0.276969332274006	0.160075690089034
1.25640131482417	1.18026155160015
0.181573832056904	0.105207094777718
1.57432511854017	2.05857329599821
0.10895632450567	0.0427723374303241
-0.781289207173363	0.439685163604603
1.22541437976028	0.96409889116249
0.288524882759278	0.131700477653878
0.0573246580765586	0.0247688536463927
0.534569380892794	0.228778325786433
-0.61619618510063	0.309572696380769
-0.269047447034823	0.107591185744228
0.293055050426198	0.133725305026327
1.22018403792979	0.871943843069481
-0.0525161717660666	0.0229736778551993
0.300044960987826	0.15289257163676
0.299023998542896	0.15169673857713
-0.794071771415799	0.367238326964654
0.205772774349869	0.0828701577132904
1.1531040722802	0.734667388921706
1.54192306302893	1.36034912075529
-0.301242760740271	0.106004756508182
-0.187636301283075	0.0827904604602921
0.0989134132483304	0.0386524906752032
0.408337021433478	0.234912897876191
-0.0795826293994383	0.0246493445827669
-0.0275159450219836	0.012398702605195
0.161893768532602	0.0569743341466648
-0.718818070725058	0.316478360028057
1.03396152389404	0.470437280498913
-0.147934132137482	0.0788086083558043
-1.68738736381072	0.994989279872664
0.932747439676574	0.525826116425933
1.58282685837107	1.62219855494826
-0.62986196899422	0.21791404304059
0.378137957676319	0.175490012224992
0.897854314377913	0.826917770233827
1.91979684042209	1.70026596126837
-1.12974201885829	0.63899234431088
-0.146452803927278	0.0550131485235374
0.541020439800061	0.259499872549937
0.130088424479956	0.0463349342430356
1.11683609652195	0.642414059023622
-1.8694068128429	0.844601786506174
1.56692989406504	1.14089864210007
-1.36713311187564	0.680995924836689
0.176455823530405	0.0786281677943105
-1.6710962626802	0.694929411934031
-1.26969554747592	0.605348762954706
0.810566058387919	0.554680425501658
0.284242366123265	0.129678468352459
1.79025967362022	1.30889244726652
0.931932261343908	0.963403562264017
-0.0930029372890457	0.0540681104764638
0.93844231416267	0.652071223836771
0.0953410671404102	0.0463066258651323
1.39702766542111	1.11934093877525
0.949690164068975	0.72509498229407
-0.467020161128851	0.180634897813934
-0.982987765379015	0.504340738179839
-0.785811744648289	0.363204391259078
0.855835261092235	0.785570585858693
-0.363527109417742	0.181056283531622
0.510232407318583	0.301026659661602
1.21594852602275	1.04179518709971
-0.203043220165231	0.1017377548566
-0.0640964078000523	0.0369100524380194
-0.00895806997110588	0.00460557612874861
1.22990059927464	0.970710907750228
0.20825106461579	0.113468041328366
-1.59209529597317	0.895096868193005
-0.0112426445100326	0.00453837860913584
0.0806741014988626	0.0347057535351776
-0.15228370441506	0.0565905330942684
-0.248370920736773	0.12632940538373
0.82647496643731	0.665518581291469
0.780673552965824	0.529118513522335
-1.13500830742812	0.643641585635801
0.257643076806395	0.116437802396893
0.775854998850571	0.428608196049285
0.0581976275716145	0.0254363714738279
-1.19772095539222	0.712119525236362
0.0332431518364898	0.0147909846543069
0.0466924292440555	0.0204733500985543
-0.643150431845575	0.326075905084126
-1.8696422600211	0.845403659105727
-1.17836382368338	0.533897850874122
1.3554264729131	1.38049225820735
1.34259993257127	0.705316558406974
0.109570567031092	0.0577860308851134
1.36158819095579	0.887192440405415
0.369722714478862	0.172118105821398
0.208713071423177	0.113867942563122
0.578399255938681	0.343708543685457
0.190740357606847	0.0945928161095492
0.934747713495475	0.765351195896414
0.335958177481719	0.139076834352863
0.661872991263914	0.437037917452438
1.01437277834986	0.642087579513505
-0.62631521167494	0.216684680259972
0.211884444124025	0.0851810864613639
0.651415014271016	0.317025511498263
-0.0704807869872233	0.0221615303824729
0.571922914922005	0.373790825001644
0.108464944924652	0.0429705269716805
1.20494102242512	0.856540446409951
1.57990471125938	1.15239639976116
1.35296134926083	0.796420576941022
0.457163983779128	0.350751308580558
0.934386511185947	0.651207436510192
0.302833724388978	0.170236486464068
1.06014691504731	0.747457448126097
-0.0659508870118346	0.020867977120077
0.591280300624923	0.352675034547886
0.667564703178331	0.326466778124215
-0.72675637963327	0.38966910801824
0.0807215355071285	0.0316728801554123
0.558369310450183	0.299940645687037
-0.143425587270154	0.0676614818813356
0.0160944266270412	0.00553601604027185
1.10416692583945	1.00534569494945
1.0901238234104	0.848305982158165
0.269407851096135	0.161793752344163
-0.801865281557637	0.371535800188647
-1.60088219688469	0.901351043893321
0.418041110415045	0.219293048549171
0.533855761253663	0.228045273259661
1.04351044724931	0.728749080220903
0.229994229233769	0.0723698308228333
0.354291923723356	0.201455494233667
1.51949169436554	1.32418234263073
-1.25196857487855	0.775250082528431
-0.0194071734256136	0.00886430010332599
-0.310507870874149	0.182300691437254
0.947443268017654	0.535739195863214
0.534550245326663	0.255477913273128
-1.03414441762606	0.436967498271171
0.537121389647219	0.257400370420177
0.404695356555097	0.252774879627699
-0.467020161128851	0.180634897813934
0.00882351847779797	0.0028425935738074
0.536428713167408	0.286023158134158
-1.26652546655436	0.603471097744507
0.233097360284084	0.0731580454687324
-0.977408907665581	0.500114151952986
0.301402352814101	0.137884144479809
0.663822089954424	0.221854620777042
-0.260673677159399	0.10287819254003
1.0544025259745	0.540540588563115
0.299119266852315	0.136759480812594
-0.258896022203263	0.103216754275891
0.520914164171576	0.276597488638756
1.09346332309631	0.995995390519758
0.965574706048832	0.859002673818962
0.767188316846798	0.422137323177248
0.518988261618421	0.24703373409492
1.04339613003024	0.728310479183593
0.382160059487114	0.177643513198197
-0.877853765219435	0.52658220016109
0.854017250692856	0.691384104047585
-0.194508527725496	0.0858201291372134
-0.348767311765541	0.147647398818003
0.00624151912999686	0.00315921656254926
0.370937302820101	0.246181091647234
-0.475821012205505	0.254074388703395
0.239682545492522	0.174547145212543
0.691126268452552	0.464325493453624
0.520566897524767	0.24812801234949
1.46500698443592	1.37739638317615
-0.719960008086098	0.385417032748331
-0.785811744648289	0.363204391259078
0.70165032046757	0.510091510944437
0.976446778142134	0.980040711362673
-0.999200925345627	0.645318466918167
-0.04728430999554	0.0236887428009807
0.216053019615334	0.0873880960656567
0.358630153742273	0.149339803333894
-0.786147538944081	0.36303790010217
0.724665898546116	0.529743862713675
-0.628135353539778	0.42622499918683
-0.585167747511567	0.282018675121029
0.109853107061096	0.0617971651055547
-0.0103269301012344	0.00412926135908951
-0.111731187313154	0.0464208796985462
0.20056255099193	0.080503326012213
0.6159681279904	0.369184408843699
0.276380474855847	0.125917598482546
-1.29454547739525	0.619670630196795
-1.05834457244754	0.448442710984446
-0.307774197479135	0.0913628677098564
-0.542341826767175	0.258389518064956
0.0947142912510148	0.0457978124481355
-0.79429796001349	0.449128032743497
0.531161246405377	0.253620304352399
2.11088608092712	2.41546850005131
-0.0863739632164151	0.0361302896664875
0.838366194952602	0.515334537506394
-0.102723383110603	0.0425759939221232
0.526386770808347	0.391694882336729
-0.0231807701032662	0.00898760843456918
-0.00833581155265398	0.0034774469002997
-0.140894547593588	0.0664545823265307
0.114235589804146	0.0450133779115267
-0.808460330560557	0.459877124454267
0.125001564707736	0.0447657099515261
-0.547975550690578	0.261261600245577
-0.695575909406789	0.305435388654216
-0.690555716209018	0.302171140688223
-1.95255940503448	1.37478698197719
0.372707591854725	0.231866878870078
0.637942622218928	0.243862985229908
0.676233824803526	0.40672577423763
-0.150877202843333	0.056484983413495
-0.0938352296864369	0.0391675664666447
-0.467525331810177	0.210797322393986
-0.023245493985734	0.008995942236955
0.0852017309016599	0.0333923216125724
-0.352226291659292	0.149495069843745
-0.57926148017021	0.278890983110577
0.99205022239226	0.766882822166399
0.453600808619103	0.287848760530706
0.394172224220789	0.205323136602367
-0.404682244653703	0.232073202444711
-0.937543243307707	1.03120427562343
-0.389202564755706	0.166507686963926
0.0552797472485076	0.0241160062940608
0.770896443397392	0.426282794913628
-0.526354529954559	0.249401040001083
-0.614746613769411	0.212903620622188
1.12935469924231	0.651826716823956
1.13728341254378	0.657436452981258
1.04484804519674	0.53485075292943
-1.18689126159977	0.537858054975721
-0.362202939329771	0.153742450291162
-0.301012385856954	0.105737046930446
-1.01640055056071	0.428507163982266
-0.361740784430607	0.153929066991991
0.532906843481487	0.255424483839353
0.318241091519163	0.163266192535216
0.542216238965874	0.232098489244565
1.35802235777437	1.5388060520278
0.369978704632255	0.229219469509753
0.382583962672757	0.28482028323058
1.09969768241729	1.00071732965558
-0.370061774143151	0.209639343776299
-0.89677718925047	0.540970132501836
-0.694394831077489	0.367954475105286
0.512660944765112	0.271972907794577
-0.223970355664695	0.11265544388635
-0.693363139732032	0.304003102700572
-0.874525417941089	0.424926558469426
1.37240812972697	0.896428517850838
-0.863386121805903	0.611130190981013
0.0828270127876198	0.0326774806849878
-0.00476756153956895	0.00203577217701626
0.113347107003614	0.0774764193989622
0.505064553326323	0.26753727064073
0.805067226639147	0.550825970221836
-0.142035908658343	0.0813325802111081
-0.00585082698077293	0.00268543139538235
1.21947748850592	0.869803474041465
1.36435726756275	0.889061116211032
0.0474138232863751	0.0207769271005058
-0.0357435715069405	0.0130941861536138
0.619590980554595	0.372311146792798
0.0728642710380646	0.0313024493087866
0.202223767567553	0.100861538335956
0.0733966223625096	0.0315480435351519
1.87738229209691	2.29550698586443
-0.0262285413594868	0.0119861641673099
1.3924276238937	1.33135395641884
0.613917497530516	0.437512467039707
1.20176721381953	0.775931536754556
0.33755072960491	0.207214550000562
0.618442519551337	0.370258391312529
-0.24000264194296	0.136356282512831
0.285147686041663	0.129848886805025
0.183821919479318	0.0996791095767295
-0.97813243956408	0.501407521664069
0.100502654972525	0.048562766562081
0.204282372769485	0.111131699525888
0.496308951691333	0.292424776577526
-0.397731126453361	0.273606645409079
-0.733421565823697	0.470501703113658
1.0572764925329	0.74435655545197
-0.462065402078184	0.279280660131898
0.522042032089038	0.308342383958106
-0.291253966110392	0.155438206131215
-0.765766782752105	0.507815226602806
-0.788942379259513	0.364315996898849
-1.05646369738968	0.568843485427822
-0.303623276219143	0.143204803208317
0.454609207378839	0.288094840608753
-0.317884896343345	0.191278374905236
0.233712816872955	0.138793288863615
0.455641620312159	0.348883063286365
0.164243641054703	0.073041717762443
1.10818084826417	0.938964648674679
0.15588514703803	0.0949408699442305
-0.810271649064503	0.461357799173745
0.171703444030229	0.0994355352329594
0.612672897873792	0.366685320886472
0.188263252747305	0.101978544912012
-0.0589099472257553	0.0359586656571975
0.396063515314724	0.227541756006252
0.571659732737442	0.480521156772056
0.266192486597787	0.147700083808682
-0.219232574537235	0.163213619379579
0.54938638196771	0.412063909059142
-1.03981927936172	0.94266313974834
-0.546180902029787	0.350442700905544
0.296891967780566	0.166572531026064
-0.301410245872417	0.205934171331037
1.24559336253026	0.896287351665639
0.298267713218253	0.204276263397026
1.2281321781182	1.14224999360032
0.286483562522279	0.130736473037488
-0.298712500580739	0.159706587214637
0.24302257123666	0.153879184854896
-1.64391459615009	1.33996855159751
-1.15387909359494	0.658344525422784
-0.13959619382317	0.0578912425210093
0.220065563245696	0.0887666674010402
-0.147495881889418	0.0784611915842368
0.522138611829624	0.364386952507418
-0.538114838167725	0.302866729687533
0.297709935852551	0.18042900402758
0.0957482915763685	0.053683740287382
-0.709006597111457	0.617090701741337
0.642879163530584	0.494812830196437
0.168731288353493	0.0978000595486971
0.149583453130479	0.0665330332396119
0.820520545580919	0.610555083015308
0.650321857454284	0.353927279783578
0.535299970126269	0.286094172123577
-0.314657042247012	0.169628129647719
-0.700313776941436	0.501648197485393
-0.163980607694921	0.0944449336567531
-0.257162624378866	0.147382554892123
0.349452708890993	0.230993164497044
0.0716607841159429	0.0310443165641685
-0.613174702963492	0.364285068200301
0.986324516889633	0.822329358026209
0.0330651471816595	0.0151370993653481
1.71493623761368	1.51493759902954
-0.0665516771768165	0.0336368253187805
1.11845581719758	0.643752948953338
-0.350467903008636	0.148238613567119
-0.456404786384891	0.2419882409874
1.42443644535245	0.665709520641548
1.19296320448294	0.767973125619442
-0.584009042655606	0.334751214588852
1.20147033642871	0.777128039290726
-0.150164721153391	0.086082480395002
-0.949748802739196	0.481917388801785
1.15478837026643	0.735739213547934
0.793167499586643	0.538694863895173
-1.12169938183646	0.632782233735912
0.377033153489424	0.138730770864161
0.678290112685043	0.332187472193622
0.640025338050629	0.346197335170633
0.350481602998902	0.145241231123923
1.03111175186287	0.71885105259971
-0.301172520044636	0.105855459053424
1.34403549081197	0.789072249895734
-1.13195606395278	0.640900412743685
0.742310263701575	0.327186430433843
-0.246408011842907	0.17084728454256
-0.299608815401006	0.141162635605927
0.204274990999227	0.0826118066379803
-1.43390515110488	0.743738976413299
-0.712328706279006	0.380352931061659
-0.463110695407206	0.178375788684295
0.505823741530206	0.324087663503211
-0.665685420695468	0.405418910808379
-0.867195516107787	0.420106275596481
0.191763680945958	0.0774735697706945
0.518933768468805	0.27627150041785
-0.00142047231822496	0.000928851310250024
0.282455334603228	0.128451055692606
-0.116303511044196	0.0480228190188238
-0.0974198826132834	0.0402672921456951
1.5772520342453	1.14946814402877
0.230005057890401	0.0930659940817666
-0.0143757202867396	0.00675041936125721
0.208571228210181	0.084084021587827
-0.274734512155318	0.0970663983667438
1.12623811726649	0.649127414627683
1.7424716881827	1.55515031654858
0.0741722702034476	0.0321298732282959
1.18217826478264	0.76074674531684
-0.306077207944834	0.197608186671292
1.12613102055496	1.03753874326964
-0.0278064372322613	0.0124193418038459
0.652017162025757	0.504770199956963
-0.0506877784794954	0.022104264299063
1.0931126439511	1.13004414228316
-0.139539592653203	0.0849005915110877
0.780784802516528	0.775600084128537
0.750619226377821	0.76677683789798
0.0347950151737328	0.0207688895540989
0.985563100642915	0.822913528092946
1.11520831149281	1.09569585732027
0.169012539814406	0.075080127211451
1.22532780044388	1.05009390728545
0.796744180213739	0.54319146321176
0.0113874940975478	0.00379553379522469
-0.0857473749314542	0.0431741015745786
0.655801317399248	0.645841915376696
0.137951960301387	0.0835836584860967
-0.288244704670913	0.153429857464759
-0.604090382404587	0.302237645625942
0.960593688894736	0.54535616730038
-0.730415238649683	0.589316893001725
0.97093695809481	0.918119264380694
0.496418357590324	0.423876925869433
0.129093904325705	0.068294154757815
-0.430114712160647	0.255812929453438
1.20480770119299	0.856161888733749
0.474947971008507	0.303195934720077
-1.13004657897071	0.639595688551583
-0.376996969579833	0.256687169512864
0.220530281059992	0.13855786312549
-0.446329568377917	0.267633398573881
0.694326970014542	0.579466815184159
0.834253175408746	0.624734823250539
2.19756459823195	3.04915586179022
1.22349356052185	1.05363095813495
1.35542028463051	1.84930359815958
1.39494444292867	1.69887020623097
-0.0271115012328946	0.0158352966915975
0.644127637462259	0.34926387211321
0.36970562128921	0.229595569092842
0.847930931172346	0.895734557376027
0.31162425946202	0.158854516364184
-0.250863920338054	0.143166192802945
0.601269706335583	0.358870586860677
-1.11026603883778	0.937129969941229
-0.80741030221454	0.627683087313198
-0.18052528934206	0.125273238779398
-0.180811682539289	0.111788613278167
0.383445881600139	0.159823667135426
0.28618572354148	0.172771218912212
-0.00833555899469294	0.00346296427428491
0.263795502261358	0.157858056998757
0.296390943191075	0.135659559448859
2.0011787561533	2.11623851532717
1.18310843743938	1.16067586094505
-0.0175602780038093	0.00612613817426136
0.307828165070852	0.173223590332581
-0.05052867801159	0.0221063799191015
1.3805300173049	1.09753974266971
0.672251482911926	0.556297564730187
-0.699030703399877	0.307436664758915
-0.377370778482363	0.214337049687725
-0.175065061128194	0.10107419977268
0.509403880689142	0.299855334604023
0.809022030437987	0.450818032973557
0.832809203383093	0.511571698612753
1.36195981403903	0.718178726691648
0.179230056408311	0.0796123707813136
0.283140447025969	0.144184427482956
-0.163311373351535	0.0609599687456839
-0.930424566775855	0.583745106010049
0.671711852256196	0.448746708855483
1.6636237420858	1.75449638052012
-0.238680984353092	0.13548896889642
0.396978761266337	0.185070439155906
1.35625350619671	1.17656514775721
0.578502109807257	0.344153105818546
1.21479540005034	0.949182822847782
0.496787091001389	0.235261924942004
0.737038855569689	0.654014603475635
0.450042726441384	0.326801517242208
0.303825790422581	0.13906775638418
-0.343810823248748	0.209590886504555
-0.164633619072842	0.0881731214337126
-1.18514334821912	0.699533935377535
0.662680748873638	0.360636392735705
-0.533690069332688	0.299892268256554
-0.157506719450901	0.0966618651110924
-0.447625672885295	0.268566801136724
-0.14428546422817	0.0770059249672918
0.0758664928712828	0.0370305440840232
-0.200141899905519	0.100209082826949
0.405315860784679	0.189045562581938
0.224769937474945	0.0906793799558214
1.0250754122982	0.650242793032268
-0.447026013846988	0.171993670774403
-0.293283021157376	0.137962455072285
-0.371308869521434	0.158333471027359
0.527436985765526	0.225986696210261
0.861303321106346	0.652342770296383
-0.364281872838548	0.154284345034575
0.121447345632088	0.0441133825904172
1.07571555760987	0.831930350596219
-0.099061775478172	0.0303845635476908
0.934051074247481	0.526024176177805
-0.00713152331648782	0.00276005349405112
0.512704862599349	0.218287062829036
-0.590827492541348	0.244957437477251
2.04113204464171	1.23607756987918
0.182327940194625	0.0482741151528399
2.08017458981791	0.99150793962923
1.3457170079041	0.790986770089132
-1.02492304639771	0.432417582815148
-0.788089370481816	0.364761931167558
1.71083985204222	0.909846582814207
-0.783841597404882	0.362145140053337
-0.605180937846931	0.250797073989609
0.332415441852753	0.137804157517196
0.386858470176482	0.142404945776187
0.747516786688041	0.329877401084706
1.39256483421105	0.495195831360944
-0.0756221216042137	0.0234383128583479
1.06149193077308	0.545601162595032
-0.24814832121498	0.0989855740761602
-1.04370181840318	0.442057004321112
1.82610105708371	1.34713374447302
0.525937761825758	0.224741651895587
-0.686693377870727	0.300661373701586
0.820957488962294	0.459039413385239
0.794647105064338	0.440710529498778
0.676998764732214	0.226587798211693
2.54318463466011	1.89281458943641
-1.04061600884321	0.439013616419609
0.607799689655127	0.328113808227772
0.145516421792457	0.051379437291991
0.216075061665755	0.087244521092565
-0.00045462074946352	0.000256755368094282
1.03464503504049	0.721857837623415
-0.373913647243982	0.186809397511041
0.413053938306283	0.215434440284798
0.0803378434675821	0.031688969462615
0.0506866559284551	0.022167723036484
0.636766376419572	0.243768225638453
-0.0870790185925107	0.0268847709478279
0.83297445727049	0.416488163411539
0.381792359726207	0.140745025420163
-0.140731880909466	0.0527773308502918
0.252052539810331	0.101919438337811
-0.308978324329468	0.0917900248118583
-1.1642514355783	0.526104700276117
-0.375254947309043	0.159430856244494
-0.625428800122186	0.3742135588818
0.107160139773378	0.0421852262773654
-0.00763749193415024	0.00322172316053503
0.106453741799103	0.0419244857241771
0.547425094865471	0.263169978569436
0.522371955571087	0.248824524691244
0.240887683696041	0.0755021988315007
0.0188272856016294	0.0100003712780328
0.596802827909317	0.356095690959383
2.2901204030338	2.99820709625026
0.39778685486419	0.266383669167491
0.588539652850824	0.350386117417536
0.960352241925058	0.904890317953373
1.0981759611257	0.854049822476907
0.148923585560906	0.0906111908395305
0.546587984370638	0.453650294579005
-0.292397856951236	0.186580229725008
0.0927254957315397	0.0487724726222493
0.498165410645538	0.293291233022397
-0.988601126009221	0.50788738088707
0.923513741896712	0.637785643973485
-0.339354860966968	0.237784291075194
-0.172590742731355	0.0999819311541413
-0.160571642345787	0.0923511773526226
0.678761331268026	0.332567608339622
0.391536653911925	0.203267768879635
0.424142194822817	0.286851880724548
-0.1576424531514	0.0842581162721328
0.477645349213633	0.350938977868778
0.191546060274716	0.0952444453020976
0.654353057765397	0.537207476749502
0.112269460803345	0.0704052806448112
0.383285433727608	0.178280803801242
1.01247776923324	0.639413528737511
-0.0206550458769053	0.00940073440757664
-0.719794003840849	0.38509079550624
1.78087167307647	1.85972575738002
-1.11408339779971	0.626674314001073
0.439811463997461	0.318259705137712
0.646942330340262	0.529154048302291
0.0751899416410137	0.0323266646895637
0.363461352708982	0.207296615307851
-1.35670299126416	0.67567446866714
0.659104698170713	0.511380999187633
1.00755826667664	0.636252478700358
0.546976077317687	0.45455598328888
1.52474885136692	1.78266920238172
1.69105121144043	2.02318329847714
-0.149871157480109	0.0799448261006775
-0.724884308950447	0.319977420206793
2.35842699349044	2.30849763248268
1.47731473107087	2.21954266022407
0.66956362294421	0.638056729372319
1.18683105565706	1.17016870090635
-0.0832441253201147	0.0419682985817076
0.211638422004607	0.105809052049478
0.402830257811234	0.209475941689752
0.225078249000748	0.123434728000562
0.557306236697136	0.465403042379169
0.376067727620997	0.279080400857568
0.037579731877547	0.0188160013665101
-0.400325364902589	0.201715149378512
0.0094204892293065	0.00524393751593069
-1.4977977013648	1.0936941075866
-0.0709730872724282	0.0408945433983621
-0.832154569930025	0.655602234437017
-0.674767480224143	0.476914101718262
-0.456595298451582	0.306008124348121
0.787694119243582	0.808058080912758
1.56931900827662	1.25966652408001
1.07492452790187	1.10484889043444
0.98438041038237	0.883105542644284
0.300416831919574	0.182496371811984
0.960806697234923	0.907198625092705
0.0338006306967983	0.0169156577332599
-0.28998455615593	0.136305406373996
1.10271214028448	1.0083391866612
0.524276238003118	0.365807331523368
-0.201334419404272	0.125982538418916
0.424532822075545	0.287622411588093
0.353819551235977	0.271457482527856
0.289993194314224	0.162011654026126
-1.12815098929104	0.803243291999275
0.257158022609913	0.153793908250933
1.27554314227173	1.4362540599746
0.887712600590245	0.777942046136529
1.18124484195524	1.23778921329786
1.67661333813999	1.61748626353207
0.605682649064932	0.431566538449467
0.568069222864868	0.370742257571365
0.738751479660849	0.544758208707555
1.09718043732125	0.930514394076961
-0.340115074085522	0.16214145227274
1.31563082484959	1.63576064445286
0.296097225298449	0.165796815988761
1.31378447856841	1.4080799932803
1.56466847843493	1.02671304437883
-0.51910449102153	0.359565104394849
0.566521136309647	0.453067301706928
-0.624643834035686	0.424780832886238
1.41338489393612	1.63379178561038
-0.00215413926066843	0.00119350285909215
1.16278360195994	0.743398469658505
0.471556729502168	0.301133803830279
0.477861759496813	0.278587973101819
-0.633698996931378	0.380732496878349
0.851413668453088	0.687776319802495
0.102348714586296	0.0493614729157073
-0.0660434368393926	0.0334020214867549
-0.940368839072057	0.702979000753931
0.473447203627128	0.366096063211493
0.878105612678701	0.768051988861366
0.196300937519453	0.106911908288464
0.290473234820883	0.198248252220858
0.531707611507815	0.395536947578455
-0.379401517900864	0.21574838432987
0.646734542827715	0.58381768119826
1.69623910073604	1.64585268130829
1.41906586351165	1.5387325736815
1.8103472531151	2.16836939563711
0.454966131658105	0.449433362649767
1.21960571638881	1.21208038504799
-0.103791530213473	0.0679998962702004
-1.60180546848677	0.903056696784354
0.878438744851995	0.929573372237152
1.40070586119468	1.85574223362321
1.20445158709168	1.1108630426005
0.978284402226408	0.927707567036342
0.785109442166287	0.533635959144011
2.00457600902547	1.62616130078589
-0.122610019233677	0.05765022619878
0.287771892577274	0.173819049773552
0.692448141071296	0.463497124849474
0.324270735181879	0.212013875329262
0.452796229832352	0.329054054100199
0.857410391571322	0.745087364678145
-0.646099906841704	0.389721097756786
0.0665247400932952	0.040212246127121
-0.747173289510642	0.557111061387752
-0.1434997646656	0.0821169981996968
-0.54946637423195	0.392335262020651
-0.13429750989084	0.0861705329848436
-0.296870201679573	0.139836198560162
-0.65490415689915	0.451942760181654
1.37287758715326	0.987253125373848
0.846430828494283	0.931330530478144
-0.682364509921477	0.537090630464184
0.986904896754352	0.618543452473579
0.947351912563348	0.721166233538117
0.84240564698408	0.633424485961532
-0.785693559323739	0.527659162779113
0.416835972795052	0.298074918715881
-1.01571265439676	0.673570303827147
-0.222198706700544	0.0986369821869617
-0.0866534432770831	0.0435823493574936
-1.09234839208766	0.765622603441017
-0.159276098116735	0.0755596243404039
0.41818387199447	0.242447322453008
0.0772089098332184	0.0373059271370736
1.34188650927472	1.25959268486376
-0.296152870662014	0.139410039577643
0.339189424943069	0.140796982770668
0.498280318306056	0.263768488963311
0.538522712192188	0.287378125863237
0.230819570851852	0.0930287283189691
0.798302294489368	0.543381290280417
0.180556959650524	0.089344884108702
1.61387181069972	1.07226156870345
0.331959400863339	0.137500928626889
0.155094129334053	0.0688754518104475
-0.286931039508483	0.152920195428845
0.912460229382784	0.510778556677507
0.903080275831174	0.746959969763724
0.283708875348706	0.143486052074896
0.37828950718352	0.139166797394251
0.646645173118555	0.499340891399105
0.885169853834732	0.553442844593281
-0.29072584096631	0.0866217316766138
1.7466272309227	1.40602218367308
1.42575317410746	0.666780101817831
0.914505466230526	0.632959064235108
-0.31011280695359	0.0920681438912792
0.657905407458777	0.320822062895103
-1.2113041984675	0.549708971689071
-0.489148645003142	0.221714671914554
-1.03378433023652	0.552585804088631
1.41608243065318	1.13840998813904
0.672194383179622	0.328565189978094
0.951381116389364	0.539257453563734
0.114427449267565	0.0604404776096235
0.745503419259208	0.456865944887955
0.752990887251896	0.463811841946783
0.0213551527140822	0.00733401227291884
-0.59508424865855	0.24608646478115
-0.621794553120677	0.31276460532383
-0.00767600409678443	0.00366310317128425
-0.0441601227230582	0.0144911380909402
0.681831505876001	0.334373995955446
1.99304238106306	2.10132034822922
-1.11037388755399	0.62357798648834
0.527318474776993	0.225127260486952
0.432020641835421	0.226450280446185
-0.696652080763605	0.305752545691835
0.304003187188551	0.170664673026066
-0.40658678699132	0.205838408380656
0.43189858954494	0.271951886054343
0.650884233495172	0.589251174258062
1.821651652403	1.92352774320843
1.08971419847192	0.848744241796617
-0.361885602829941	0.204187815463152
1.35623453703345	0.881394196749152
0.668969144395211	0.445564740316587
-1.65667883002865	0.969114074946883
0.206982523935312	0.121181929866145
-0.857078440671766	0.508962403194668
-0.913663948491063	0.759756849863127
-4.24378616805523	2.2846717321129
0.970602784946777	0.8054858824518
0.588602701040431	0.387184806915949
-0.371929766721808	0.210845162979768
-0.236686238241725	0.120104568276799
0.228787885941926	0.144054149377695
-0.085237574225882	0.0429526901543417
-0.0438922621913267	0.0254365662737649
0.0280239573205344	0.0139855976776895
-0.237111539385914	0.119826755123022
0.0784883675459467	0.0379331511277558
0.740658442562544	0.454227316246522
0.845442452070502	0.635324916380393
1.58436742429461	1.76484163604008
2.61111770978075	2.97955792983593
-0.698721346690817	0.500145411722709
1.89222835591925	1.85150945995394
-0.0382431257866056	0.0167784182494382
0.0983289812150987	0.0384649991927946
0.0573189889022866	0.0250254175579234
0.459829206703967	0.293082526829558
0.126419857986638	0.0763147595784189
0.985852869662043	0.939090277603623
0.0896261190162891	0.0353966020873115
0.660199637758327	0.321730847628427
-0.107716628942935	0.0506400114706951
1.10651665554832	0.940878980275567
1.38398784006698	1.09983263471117
0.666252367805433	0.477228200551633
0.516298633094292	0.382345705527267
0.656408823550258	0.471779810890076
0.369926547769799	0.229131400818286
0.949963840093786	0.537132679277508
0.540316119277715	0.258726167965119
-0.789307528476686	0.365063829356866
0.698894046589249	0.543289246673763
2.00178997166768	2.43450526258246
0.740851428999306	0.454014908505443
0.928533472496103	0.644225613169767
0.514612301974335	0.358352607963754
-0.0127455887318409	0.00477554642434929
0.724333486056101	0.530678188151814
0.785775398332068	0.534885521225012
0.634329780821631	0.342804478390915
1.01028811253508	0.63667509372346
-1.17732252758634	0.531838624972712
1.38345463616239	1.2096131775431
-0.636997538729481	0.220131996279103
0.770755723397202	0.424601957141983
0.685329394819452	0.336520854971849
1.3252517758473	0.854025661877493
1.34994540266835	0.794009433425753
-0.349551756287703	0.148231821172637
1.80820018360138	1.32862763177681
-0.379359559905654	0.161960439810949
0.171415191954225	0.0761922145322675
0.840933795886861	0.630408985021694
0.727636253257	0.533980799437799
-0.0122613269282707	0.00493284531163239
0.287697895401766	0.16028460182437
-1.03954353099601	0.556735283508598
-0.462912747911315	0.246294364234256
0.789016974521269	0.676824785098376
0.202931352516364	0.110752046365443
0.636651606821975	0.384002749149521
0.0989273901104775	0.0555357600778674
1.22018401846842	0.955945289162089
0.433320006270637	0.22712271070009
0.635749367137281	0.344122089795581
0.935227673144036	0.709767199499258
0.732294146743816	0.447825906954909
0.947377659711194	0.721940536173905
1.06889249850126	1.02974102545282
0.519134100797457	0.36271263961239
1.56251009597657	1.13481283057662
1.23219022682604	0.972018270617487
0.0628065695862	0.0366404510826042
0.86960969019553	0.803547209554625
0.106950577088799	0.0418413671630466
-0.309449947710131	0.226210998043658
0.900378177618756	0.621545452709775
1.06859512748902	0.549768140842544
0.0757668515039239	0.0443198850068865
1.21813976625957	0.958532709226172
2.34321247695184	2.28531345816019
0.518259179638637	0.36158010739951
-0.0327357969923984	0.0143616838168063
-0.0565937807347921	0.0286920217672301
0.934544386271699	0.649772890412623
-0.87955821024371	0.427145691637097
-0.956231087660491	0.486956041659335
0.302506691042836	0.169784975948746
-1.16086559531822	0.852388304034166
-1.0026885227062	0.780709637695656
0.491221242151977	0.286930570213619
0.948845061322944	0.942581943097335
-1.49427595410708	1.61430447018473
0.101925271424	0.0398713980899377
0.196854570991235	0.0976332071185181
-1.38929488249417	1.18490865667044
1.05694363703404	0.742554964073351
0.203051151526519	0.118887862881563
0.915155613189822	0.631231213973914
1.3630168679172	1.29198954751779
0.00295802250474116	0.00101536239819392
1.08925956025668	0.772716694504763
-0.790190076432181	0.532087597545365
0.0887554493798778	0.0383735958247731
-0.0533351837548891	0.0232876356085485
0.884991205650624	0.60382341255816
0.534190665481137	0.255948437724821
0.385937171202323	0.221478625802999
0.664570252947189	0.32460334771143
1.22547087944347	0.9622774119702
1.82762036653612	2.45234006556032
-0.45877874548969	0.276522381436294
0.22787986695988	0.092004703562121
-0.127879333973413	0.0528523713977738
1.14819105235848	0.665478931678771
2.29844951477177	2.60426865062812
1.47564032977101	1.52108842693745
0.781242864216358	0.530648876003456
1.07237517007357	0.82651470245931
0.0883355047761079	0.0463764140197964
-0.0503331150925967	0.0220384338742114
-0.46621375802538	0.248530276438145
0.46115980797333	0.29311053154502
0.390036758943857	0.182019219012682
0.306795204141338	0.172525099637293
0.527600131286754	0.225315580470125
0.784607248910489	0.434208908284722
0.6632665028763	0.254542872386415
-0.972415483720101	0.621970617234117
0.774825825577046	0.523005483334691
1.0591888952862	0.74539003703346
-0.0204431893533713	0.00696179827204347
-1.18100696541764	0.696502924547069
-1.27520091880035	0.609592915398889
0.527166912312911	0.251792122398605
1.17679328041234	0.754274348698857
-0.429773046686992	0.27915182354934
0.694268393870691	0.466976898534314
0.0623470888463746	0.0270406051924571
0.18656144413089	0.0829944042546561
1.14656306581534	1.32028244188803
0.273045372559828	0.1243717940254
0.661410374199493	0.253906018129349
2.03022934148501	1.65839704235271
0.146577426989978	0.0524934528117474
1.28903587447406	1.37470056601338
-0.228395069428207	0.101341899329933
-0.713055330040118	0.380571002385705
0.683418990627768	0.53061811535635
0.672410157100599	0.449226695403442
-0.711385589690536	0.312933949387953
-0.395300728706437	0.227091234982077
0.20138603293239	0.100258072144616
1.31960918135084	1.85201986735853
1.30895628135656	1.40213958415367
0.104449507076515	0.0409360518746616
0.484303132236005	0.375771134850906
-0.417997607332928	0.212071694290206
-0.141364097045517	0.0582460671290181
-0.568447333456018	0.323773929252097
0.835592637364517	0.801507904623009
-0.270466191165806	0.107927385343882
-1.27633760674769	0.798888744245032
0.31149437525581	0.158779084767708
-0.220243263730895	0.12425548772305
-0.231602546127937	0.116792394532456
-1.93355776191617	1.35049169078484
-0.233747408847885	0.14228114320183
-1.44392265450536	0.750313811779095
-1.20156107896718	0.713170471734924
-0.795870711182392	0.368177186346877
0.362721239377789	0.25517217613562
2.19084071202284	1.95762270381279
0.203574191843352	0.101643017626538
0.14303180149005	0.0868137116057324
-0.333532739957246	0.201841099727335
0.0995219417031256	0.0558242022336978
-0.0448102599838904	0.0279120883464302
-0.20298654373551	0.122109149945889
0.376905281763892	0.215028023303506
-0.244168141846425	0.124063102874229
-0.605992910163543	0.40761216575636
0.00528299687020208	0.00270115239318957
0.525410520565243	0.280710640426208
-0.0114896828358644	0.00565913967716753
0.184621873504114	0.0914110669207267
-0.499018132026919	0.268936488617465
0.837206772564972	0.880301215954391
1.36621707351092	1.07949128274952
0.160957348868111	0.103643505197009
0.0162404164258307	0.00735653262245701
0.205210373429658	0.101878907819503
-0.203229150142229	0.101886419471383
-0.013413100897895	0.00521846071338326
-0.809503138248019	0.3759100074938
0.390221563922145	0.182214897538224
1.71910018757335	1.92256532463024
0.316088812564261	0.161747125234608
0.640767712978212	0.310593454568203
0.643363244779144	0.651957070981848
-0.0874276790308733	0.0440611984971972
1.03728701022471	1.10693409009525
1.22212115693745	0.872711659421859
0.747722201831852	0.45853902727083
-0.160602680026854	0.0861156703519283
0.281329776267138	0.142942866248622
0.0154673104440603	0.00771200923777273
2.00407962373524	2.43397266641921
0.0887048039283513	0.0577887387974019
0.629721386773302	0.482922292530091
-0.287525876391177	0.134980438292775
1.16825183922238	1.14172557966977
0.0158279876377834	0.0108828844809339
0.78962958654039	0.787847887840402
0.483292267398947	0.333495979247236
0.502319438685051	0.265453167508832
1.33673398404618	1.73024080895439
0.628062595164372	0.510327564146628
-0.102423878709296	0.0615079769569588
0.206577979835714	0.128940424473989
0.369892095430202	0.27347549521081
1.81857508675722	1.92015265927489
1.01554402309009	0.642238671062952
0.486633870838363	0.285427232351259
0.348234223985383	0.243368970277213
0.855352250652942	0.430058482058772
-0.783670910362934	0.657358794029284
-1.07316665829679	0.878622764991769
-0.195739226523909	0.124826541442802
-0.0353142345255837	0.0156656912092314
1.08759979198508	1.05621763520422
0.465362639166281	0.391180341357835
0.448493838815733	0.417916536554617
-0.47430729743024	0.373912863760191
0.284995808355892	0.250045467690759
-0.0421362287381184	0.0263700920926444
0.407113441467224	0.320631485203041
0.873787061726094	0.763214876527985
-0.541046529088968	0.345612784240829
0.573640838073972	0.376024090883702
0.0697964716018141	0.0432217744323666
0.84689702062609	0.686724879869877
1.11777954735742	1.36919759810703
0.260552558900631	0.155897074928057
-0.306959819803219	0.21085275424423
1.44781371536012	2.00599452817339
0.648054157361908	0.610632154230447
0.831273811195082	0.756391088293091
0.452546170874908	0.287668208927662
-0.843487549240389	0.80816534556881
0.270366146330913	0.235034172979102
0.153121883476359	0.117329575598224
1.14133580103874	1.24544869834883
-0.302292411644406	0.194386774024535
0.449299687056764	0.325925359645901
-0.0304185456356273	0.0190065347647596
0.80088016458548	0.756029197995802
0.198907234416565	0.136339354837722
0.0740447689222278	0.0432976679831392
-0.213932055926401	0.10742317535617
1.52639777614146	1.33806166866148
0.955276443612146	0.847597724641288
0.112519565564181	0.0543978552477031
0.330110393193178	0.216313065841436
0.774637332096884	0.697882617134827
0.541290784880873	0.558666059400941
-0.960593858134864	0.489376238351374
1.26559594390324	1.91603424167103
0.358253385092663	0.32628389411869
1.17253998859337	1.22504280203154
0.771705390030881	0.658019158488806
0.125647199374706	0.0861717228639525
0.30503909545964	0.229267505709035
1.06573141685974	1.24416503394608
-0.492300893552477	0.265360451077131
-0.543743880543386	0.499806155344329
0.573233513805677	0.633729243733587
0.581614303994824	0.513628506907369
0.245352108001327	0.219881686139391
0.722932137840635	0.757536953214428
0.548549002238646	0.456678314415346
-0.162638152469635	0.0771142214714581
0.745359562748435	0.628942086986401
0.412638002150876	0.311671123185249
0.773778119151446	0.695944744835735
-0.579182755536065	0.38413378061649
-0.626877927831581	0.375471781533367
0.348373846091765	0.267495922764178
-0.183813789200693	0.0810323419130605
0.622208606891677	0.373909487656856
-0.218828366134947	0.132281142293074
-0.178682920593767	0.117637917168587
-0.300582384593826	0.193421900947242
0.157885821112766	0.0962909294461059
1.07842877153983	0.978819083339833
0.62842896077463	0.537425585895671
-0.97356771169775	0.738558775857788
0.748433178012035	0.700797180799523
-0.187100301551464	0.123161331908044
-0.409422499297251	0.207121802472297
0.399874028348201	0.208477286199719
1.18043014319794	0.837044252953907
0.36124432230443	0.253527094600443
0.394236058877133	0.263772022147485
0.721011259184327	0.438691005855247
0.54299186407009	0.40567397522756
-0.0278231304452172	0.0124714099952427
0.573862148913601	0.375645305143767
0.836233959802204	0.625911746105387
0.745489405452379	0.456079337588047
0.19112540342408	0.103734095461528
1.25234936576258	0.991783342398272
0.178114838001159	0.0880452868962104
0.291748452161295	0.163190852453427
-0.26654556291466	0.106479967016347
-0.492018145656003	0.301287761411704
0.6459106523278	0.351789692785786
1.23623740181993	0.887061639570622
-1.10916604261185	0.622538963106069
-0.734394090292328	0.53521135555146
-0.0830752448513483	0.0449561492675369
1.0241901731179	1.08613396829447
0.406209489302166	0.305716022182882
0.185889710966028	0.0922195841261533
1.80709398777613	2.15782312452323
1.52061423301828	1.33219903717126
0.577984954683513	0.379685249840659
1.22163507436836	1.41967943982345
0.176936556236467	0.11966930599712
0.459852565145304	0.369477133394194
0.743093721282715	0.624089348232567
0.0467756016473859	0.0280928731980152
0.933206407617913	0.96560971453055
-0.459209091530022	0.331896205668455
1.4576324286735	2.0793683949998
0.23421923562223	0.170048643442875
0.2850175699064	0.159042171061046
-0.848270556754207	0.594952032425809
0.299579046264472	0.205215851132298
0.217920836619489	0.108636635234233
0.084118906580394	0.0442477210589179
0.308187168960589	0.173035544905112
-0.631256636133749	0.429176058116303
-0.121505961671079	0.0503932633929486
0.285727657711461	0.159027271507505
1.08196683542098	1.11307318686794
0.869055595063885	0.803559303799531
0.0263388337136944	0.0156946040700583
1.60910235514876	1.66569258094922
0.141182725830498	0.0750310299441156
0.0663633265054155	0.0324671412335298
-0.241759631992878	0.12248772310251
2.61318946938838	2.98358104087434
0.0847835839177046	0.0409892098285608
-1.23567030010411	0.956344815466655
1.89349530079556	2.67335507691809
-1.01892348542966	0.676798295076367
0.65442270326346	0.356288856952976
-0.885709839416315	0.534209398292267
1.40138138583341	1.1180556087434
0.58241132335323	0.347857960623855
0.839573779196102	0.516456653100455
-0.47278739224028	0.287674113065904
1.28200295394755	1.44992407654535
-1.38240042045939	0.691794758123208
1.4505252367256	0.680715491271584
-0.231666026442963	0.103038281773526
-0.20254440114987	0.0894592704184726
-0.872210146054295	0.522077030651339
0.145603891528681	0.0648681335915636
-0.127526148253354	0.0600686182777354
0.212949484605454	0.116520428366782
0.750565817458099	0.596296061267641
0.515074499160375	0.358687846951314
-0.25822310211817	0.148130191447686
-0.307138893626816	0.145075665912477
1.19869011540859	1.10582814701393
1.23456110927	0.885074177100429
1.06087093916167	0.818316613508435
0.631694253270556	0.341572708232308
0.583860153157589	0.439859182797613
0.298947676511888	0.193008907274643
0.14510060375064	0.100568268626608
-0.640767326306325	0.438798496173842
0.273934168444251	0.152942884982087
1.27041821871617	1.63132448812933
2.97799358452801	6.34636325048304
0.967359036829455	0.80243346330632
-0.520535490021236	0.360798387108531
0.92725297986876	0.957929827253402
2.01656266062397	1.64168971928063
-0.64082244995453	0.324717230313666
0.609428584678554	0.435764067349567
0.274623741081658	0.164914842819111
0.381235578782192	0.283864272514577
-0.0979038896000156	0.0531228436088056
0.286269156910889	0.130869454673435
0.766615514902562	0.723912342120151
1.20875110536188	1.03778422088197
1.08459618098139	1.11546409932687
-0.267597863074497	0.15374665315192
-0.485460367393499	0.260132812881906
0.322243329790895	0.210547189237477
0.667875025139462	0.444753987045228
0.589237385314289	0.351699802662252
1.90990219657455	2.45133132430631
-0.638337149123235	0.322795132341672
0.879290724898949	0.815296132718851
0.672809063036088	0.449608800951151
-0.374726439032276	0.159396747266251
0.389313353935537	0.201794504051538
0.598534868958568	0.357437056207219
0.874370689840054	0.715235333460909
0.0244513810820625	0.0122137826091632
1.46127969439541	1.60704944871409
1.07846281443799	0.83580947015941
-0.0984588767137616	0.0409487939481233
0.114411539345182	0.0717193517540462
-0.159934047421899	0.0920608990496435
-0.38652714154398	0.264154197127107
0.490937476440696	0.315297724994577
1.06133482720644	0.956644722693291
1.48191144137486	1.4038332692667
0.59022490738487	0.500706308089562
1.07749254065561	1.31915974173307
0.435632172547545	0.330473464326349
0.641590225643974	0.464009947806436
0.67953992960308	0.623484047290549
0.856236497005694	0.741942215350122
1.06430281990487	1.29470860700053
1.35543049847795	1.62298065901483
0.691559618350913	0.602042828582378
1.2039535353921	1.19105007440653
0.958931607400432	1.12806686067985
1.18201281158899	1.68950944980377
0.503184299863336	0.430469114977077
1.10881378033995	1.0151228343901
0.225450797542238	0.14172972509353
0.27120426309714	0.183365694044321
0.848161152017511	0.778355779800957
0.216868580242165	0.136143082391149
1.79261741128566	1.87836235403602
0.442748242697897	0.408614127784334
-0.120654821215773	0.0567130646282768
-0.269073527926164	0.178355113841812
1.07656577381207	0.979251673230926
0.391106951182591	0.261536748684238
-0.597626366393415	0.543847841458801
1.87167681573222	1.82236070880883
0.988129732819575	0.942580702186464
1.04975558551309	1.00753487901111
-0.0299396593065463	0.0133247362772852
1.77095326354745	2.48010816608942
-1.34093022734266	1.30836379190113
0.659377320085839	0.436992509356638
0.74036431854496	0.584453492244063
0.306152426672607	0.156582594551618
0.975303609615265	0.871188309575152
-0.636068569454017	0.382497534401534
0.428376899555054	0.290305956646774
-0.306192837740898	0.183229329350557
-0.166861320159195	0.0894548862745144
0.856254062167203	0.430342227687166
0.408868281947058	0.213212729753261
0.178478779727823	0.0967396657650091
-0.322218706633032	0.173492953698539
0.455398445744434	0.331141124634343
0.368975575851776	0.210136934639441
0.642653826748552	0.52531735238747
1.19556048210584	1.2569487173054
1.71767923641425	1.68037430809926
-0.86543489355159	0.515279115260174
0.413467115868169	0.33832401592135
0.273392180134076	0.138579077908459
-2.20064088214005	1.83289585718929
0.386467827369964	0.30143586201086
1.31226445895031	1.75736662859742
-0.573611611439813	0.328253267859881
-0.777890319079923	0.586887451803223
-0.00817907954648868	0.00542282393041966
0.4222029732658	0.285807154355395
0.203324682821832	0.101137471549526
-0.795138658192043	0.607127225515937
0.163882642979626	0.11056995598324
-0.00551112168642539	0.00249242970277081
-0.710790255988252	0.784296144008212
0.658212993638867	0.541259718592522
0.753342698423033	0.673423695461819
0.191775165704255	0.0771988833910437
0.930720778618411	0.648387555566828
0.732553175585102	0.539960968755357
0.428197831723628	0.324428461822998
0.293986746485959	0.1341160053362
-0.277247965628409	0.195970009794982
0.0648603717969113	0.0391202196395557
0.651474347997891	0.53486659835359
0.466905792079118	0.341327795311948
0.501892290586649	0.347426109507322
-0.174664570154959	0.093915852686941
1.00056685730607	0.958697306199095
0.0914840651468406	0.0444391147422882
0.889408293800719	0.611041387499191
0.407562495272574	0.346906136481634
-0.177719987728158	0.109980656598884
0.475867087797527	0.327462951406829
-0.000132274292340169	3.34079384844045e-05
0.0140359037840674	0.00729575096799015
0.196367801359409	0.114780777947432
0.853145744284851	0.824676929865853
0.890699590549174	0.947930273328268
-0.179858370461737	0.0970860384178908
0.658579822464821	0.59786463969312
1.12567295249721	1.22226941731608
0.986069443859104	0.82087332966159
1.18586269962421	1.24663365372269
0.419322579956146	0.345928157918454
1.54152581609751	1.99205806156357
1.26516750123272	1.10164744748669
0.986910181062539	0.995113246309808
-0.152521691672789	0.10731207173379
-0.294519595526031	0.138606891720681
-0.949698186244739	0.712091872605412
0.186656987100314	0.1014369359812
0.883150083192614	0.772424745535693
0.674951127861118	0.449385007425125
-0.639572948277381	0.384795423185489
-1.49037511191473	1.99559531965265
0.0588305361776063	0.0433583695332406
0.255784205598144	0.172011084969523
0.724964736226767	0.605891605293139
-1.23703580277943	0.943789696299879
0.922083865010581	0.950388950834652
-0.182921394383105	0.120399223891412
0.841864096424951	0.631782398762025
0.341011707688325	0.237370474755436
0.168019070710039	0.0832340406399763
0.152698573961222	0.0929768632019163
0.773354251757057	0.731342147840457
0.186260322671144	0.121235713984462
-0.340071027066956	0.185433479061947
-0.154391825518631	0.0946238392123218
0.00232434993881053	0.00105761978874486
-0.403621073569836	0.203843934574232
1.31805521404629	1.64343673498095
0.439135947605949	0.277759331470439
-0.552392435758066	0.426387784587884
0.0795181115759607	0.044479255025105
-0.862303039559701	0.893704930719266
-0.0643954950871661	0.0371707236957269
0.574850505001654	0.484247709067296
-0.382858224227301	0.243074529621082
0.767738815595923	0.81411319807981
-0.296407693822165	0.189839110220537
-1.49414353269293	2.00274249169343
0.0194674454734916	0.0115658191388664
1.55939881275726	1.38126430710759
-0.215361698524748	0.146804632004588
-0.735769071416301	0.473398440336776
-0.133969812742072	0.0498813506496718
-0.151496725538221	0.0868124274634969
0.137363978648968	0.0728972311003304
0.86549965117803	0.705406557787187
-0.024949170369562	0.00950532225556452
-0.466332333519114	0.281649960173949
0.71533625077284	0.522802387601882
0.192340738338668	0.0781578257152829
0.287192743763513	0.145906353704558
-0.547056903090273	0.260689466693509
0.0948162732784825	0.0531473363275585
0.186842522752474	0.0928199359027426
0.528901699369473	0.370330689406935
-0.635172381969102	0.220122298337345
1.23835315405335	1.06705112597588
1.40219155183644	1.11966856732374
-0.230604602839602	0.102381700375735
0.152434367533235	0.0678145653956447
1.03361885658862	0.65826920130724
0.640056580160265	0.461450623340072
3.88612084071368	3.83155152553976
1.38217376664119	1.20244553949197
0.798052799546317	0.544721233443856
1.18843694257879	1.09283795966144
0.19770342089504	0.0793073906306855
0.866592652046055	0.755082982241172
-0.293770616332565	0.138151305078294
0.0923753776658875	0.0485601698761064
0.92271432165727	0.638750526198575
0.283385611682857	0.129701307741771
0.809074745976908	0.553350126014122
0.433643078580983	0.272362086094591
0.762326279920911	0.64536273941725
1.08126993790192	1.04719240300763
0.997275371883123	1.0456707296705
2.43568895214428	2.9918273511419
-0.702996549432859	0.374001992328442
1.72462172485839	1.52572789311719
0.710846957267686	0.311349581832669
1.09418191847482	0.925164523061611
-0.860158943766624	0.333652487166372
0.593219320149871	0.390337603762125
-0.414094918112006	0.266348399906277
1.55525322005693	1.38381356319566
-1.03162995484654	0.551082608446073
0.358586984101904	0.203750971294497
-0.49421687671533	0.303803652605835
0.620772856234896	0.37254779769016
0.979402443518269	0.81587677199166
0.526189324964023	0.22453011343924
1.21970094650171	0.871342297944622
1.12389766167641	0.647517504233299
0.532111547220047	0.283799788977467
-1.26734919132228	0.78892475319194
-0.827872024172682	0.473140627371834
-1.05828720485811	0.569962780245597
1.03803668805797	0.660225298625117
0.505568258261713	0.240771971869616
2.09466055722292	3.04106766689138
0.00455483315730571	0.00206766894399479
0.0835824120239537	0.0404748688540143
1.10108502964038	0.858765249315205
2.47572673313234	2.6043154882194
-0.611839733904596	0.306814145879883
0.093231338536784	0.048990033510266
-0.417867217577995	0.310663791816144
1.19926812730492	1.10650423294132
0.494810229870465	0.23475132882838
-0.191735546591647	0.084513741178415
-0.727565575909248	0.465979188680493
0.19805598260326	0.0988465415328346
0.619557656202263	0.371945140840506
0.779404056868757	0.430894344722779
1.17081530609721	0.75045387246253
-0.0569729926454611	0.0246498305334197
0.716994051263717	0.525940741113999
0.466701907794787	0.297451346109303
0.0832374067683367	0.0403145013870339
0.000355373479160331	0.000278876399728683
-0.0284862972445399	0.0105211552243512
0.677084026612131	0.33220976514519
0.662588495941227	0.323490971443091
1.0840192439959	0.915431232001953
-0.193340659229767	0.104583207523752
1.01275579853972	0.639889542530429
-0.464583301074623	0.2468200445715
0.291088639297591	0.162612761097632
0.0473525246914736	0.0206338636780515
0.51963794703841	0.276201512379343
0.305289296978984	0.219930915230506
0.747919381093864	0.457893498512028
0.0676625003477748	0.0292109879393522
1.10671058232357	0.634826395405322
0.680827951631001	0.333605388360177
0.0811473171427665	0.0453315945098848
0.581834140817454	0.345609954290607
1.09061263125297	0.99218929063969
0.665603561120818	0.510865383275241
1.06126870234085	0.744675702816868
0.0376976559433939	0.0168112167665555
0.0965918921736165	0.046719811299445
-1.07353860120616	0.580536976955616
0.737857366734366	0.749104562014512
1.4396873242814	2.13093280594289
-0.235015095283041	0.132909173185394
1.5481271599675	1.49898903654995
0.78507035763684	0.534691012153951
1.87446255042795	2.63656959504958
1.84409289903154	2.48445594851116
0.663917491832326	0.575946227822741
-0.271602100061925	0.15669893021863
1.10517885909532	1.40485810798225
0.454081735959398	0.364076667318282
0.0841488659225501	0.0443578188967054
0.71572344041601	0.434175512311604
1.9328300530995	1.72103957692125
0.98220972829388	0.875941008687029
0.154561458260109	0.0942346747414207
0.875759345218985	0.544614347748858
0.828203760128937	0.903330374962509
0.794770521701502	0.542960180159089
2.38912648242812	3.33084466244203
0.206355258439417	0.103072179700972
1.11984503970329	0.956175630887716
0.558361287110013	0.444961506878295
0.474150259314715	0.347108303382527
0.343576100691812	0.239715377636425
0.637858294379929	0.460281848466549
0.93502384543434	0.766919774339403
-0.416212221249481	0.240683145453126
0.157426046372964	0.0960271987799055
0.189284353697777	0.0846403000352981
1.68516181813885	2.42968876423165
1.50931038604594	1.4423288793486
1.73612875046384	2.54826887116266
0.401390611291991	0.269380223938915
-0.253732330469521	0.101074145792486
1.07315038158874	1.15908629189728
1.18702562211284	1.24501991854329
0.993777426221456	1.13896742671118
0.625439956905421	0.449227927319127
0.774986251535493	0.698048585744012
0.126837494026239	0.0727456002409398
0.0798002231480078	0.0386636434041157
0.396657614669463	0.265785100374793
0.099148699514848	0.0385936964075953
1.1718012462075	1.22279217115262
0.483918283511295	0.309712101751019
0.910086643836899	0.628428223367654
0.573257514751512	0.545632015490743
-0.374010981495132	0.271228161988198
-0.23526154747789	0.143640998334606
-0.716766722862274	0.45636798879202
0.64474256735459	0.60659345674771
2.00296584080017	2.73373552496151
0.00779817395548853	0.00350901545688876
1.2271164523537	1.052439013739
0.275207888457042	0.165686922667695
1.23174665602125	1.14668154934831
0.666150701469753	0.633578442888617
0.352331629327569	0.217445870483147
1.07896128368539	0.913484801006132
0.797264399852696	0.911639416678508
0.854183499274587	0.691997934969823
0.69048000506393	0.501337680980258
1.20365954205381	1.11517241742224
-0.596370798557136	0.436672807942237
1.7167201137551	2.07172953210015
0.550521407483528	0.413260856032211
2.91909020887904	3.26517936117966
0.133159594312619	0.0804622414970353
0.502251331237679	0.295338873668075
1.20754875644217	1.03179738582994
-0.261879166652432	0.200686780169433
0.519205348245333	0.362313243434069
0.196859006552651	0.154911766975378
-0.10631131539305	0.0717992610563559
1.04766923570649	1.1224826417248
-0.0297787215647116	0.0188433764456842
0.632123232422129	0.485308936468609
-0.212985445568846	0.116482598879881
0.197237824858042	0.107284471918286
0.0891662683976096	0.0433390473748462
0.653787579144157	0.565457407803474
0.0916631964667258	0.0444020751226267
0.748758744834354	0.553633305135037
0.447677963601067	0.324744860965818
0.161280938625537	0.103924537158204
1.60682529262529	2.1812235833653
-1.31750597542513	1.57451766183436
1.75849047746303	2.22559779590692
0.0107405635278391	0.00476711036063341
0.91393154387076	1.02462575282748
0.959224995527887	0.79025969922629
-0.39014340338109	0.267448621128504
-0.144775727116502	0.077037880868533
-0.71537161086032	0.624711015969027
0.770146864505411	0.424629375295713
0.359359681135523	0.132089800141758
-0.689898101139432	0.302312062095665
-2.78550731294156	1.93350625180482
0.420094793152299	0.197094009738201
-0.295944249870644	0.103716639882384
-3.36589008487891	1.47467906977199
0.141282011117499	0.0502684372854712
0.128321855964472	0.045708321974369
0.382679125376383	0.218615364342506
-2.00036363463284	0.961738312073638
-0.862077391248224	0.416971695994403
-0.971916246250043	0.497015920763099
-0.294235024159454	0.0876651879596146
-0.457835858862395	0.176041578968497
-1.17474101064151	0.531953235482394
0.213458642344445	0.0674065916569276
-1.17732252758634	0.531838624972712
0.346767221454097	0.143545810953318
-0.292155283525679	0.103278182542711
0.657566945912919	0.252328142176309
-0.199276263568549	0.0881015067620242
-0.623180184568594	0.259584819660433
-0.268018748689845	0.107030460761696
1.3103823307816	0.682979290836629
-1.17695804863267	0.532314303254487
-0.045801651774563	0.0153759545680933
0.228511156169644	0.071804032729532
0.218087029960477	0.0879891464380377
-1.35670299126416	0.67567446866714
0.360324691216253	0.149859079317294
-1.26289725732744	0.6007661362514
-0.153036478256955	0.0571083728739888
2.02174877042405	1.21893204240762
-1.17894263196893	0.533787201578155
0.745651739094534	0.328744144371674
-3.07363135527025	1.23229142505553
0.738651812148758	0.32559696462486
1.13006515827992	0.652384313879175
-1.04415041615715	0.335312917030539
1.37033396849218	0.80979233459169
1.0468415699387	0.536289487686882
-2.12593983999011	1.07126003868984
-1.04353941998243	0.441584599968822
0.507566732447013	0.269351816462483
-0.40580577240443	0.204459644512979
0.934299807696283	0.527085172126771
-0.687801729737904	0.301707552781284
1.07319527615939	0.552730158694765
-0.1373968266132	0.0514278642298627
0.665650849432803	0.222729599784731
1.07878401387793	0.432142860294847
-0.566017184860029	0.271396166228155
1.44340163704811	0.677269993894042
0.0814714512483911	0.0317704168664946
0.220934602827244	0.0891856351971782
1.00921739247762	0.638398878173493
-0.274429250593509	0.110062897558642
-0.157593948928246	0.0590538995543286
1.86697511224816	1.24371281143228
1.04313219539737	0.730487191743101
0.129196128230433	0.050375156557694
0.754920781098793	0.333489094027064
0.755059866342817	0.333122869174039
-0.720925533330955	0.317806514461723
1.556105623176	1.01930086609159
1.06222366590788	0.424954678969643
-0.290310492721879	0.0866777534551556
0.622746883730858	0.238026483798572
0.355133802423196	0.130715755042487
1.54977325095822	1.12144410394834
-0.077990739644235	0.0245803985947901
-0.593554050852606	0.246189693231422
-0.305864865671019	0.108165479638058
-2.3039506915781	1.24968993383189
-1.99610643305022	0.957939354215995
1.0423736808453	0.474819504098995
-0.689339596962313	0.301373562988525
-1.99581855591099	0.95749930934551
0.361764630629107	0.150092431318098
0.0819283601286163	0.0547522027839128
1.6718578622214	1.61505924358888
0.390091257603069	0.30479719498546
-0.0727605462176525	0.0366936404123684
0.38493573334324	0.286936531488347
0.516461176160225	0.359937776782295
0.00150891788757662	0.000704109362599127
-0.196957917281783	0.106734170437454
0.72379188015803	0.568344023307257
-0.115554405587869	0.0586485738447101
0.383425560087634	0.255440202758167
-0.398772562058301	0.229200396613951
-0.60334638916621	0.396865091407212
0.377261138618072	0.280271257930844
1.37024453840711	1.08086552568774
-0.0130530655677442	0.00592191981105102
0.472708165847291	0.300800824725654
2.03212054964864	2.49972557286384
1.31764824289304	1.32794909846058
0.998318093305103	0.95539320250156
0.745395496817313	0.456872578744011
0.595716903742749	0.42223865723175
0.107561218049009	0.0605229942807455
-0.261592949798559	0.162024181657833
1.73610062814261	1.95160728670518
0.388720498378856	0.22298379420214
-0.106173268913759	0.0679813921449539
0.606029829995228	0.432680808303265
1.12013430525129	1.27584309736685
0.0755424059229	0.0365215646607266
1.55052990891165	2.01111625022871
1.090116365694	1.18732519144237
0.776348995275954	0.526092923346899
0.0970961592603489	0.0470776127072835
-0.159886766952897	0.0979894933753432
0.932532847742139	1.01137477179583
0.598340734057608	0.426117401449032
0.101116319361451	0.0630938932265255
0.283085266267625	0.143606571609854
0.767502398914537	0.724836054704714
0.819772414365339	0.701563101251935
-0.975827335240054	0.624425996777648
1.09761216032858	1.0029144622971
0.676453062019259	0.560833774053071
0.233585727119142	0.0943596448546265
-0.326314562941296	0.176752755472672
-1.01676673259362	0.428207382969335
0.844579948884464	0.769997431568669
1.15006157541434	1.18616974477236
-0.337321417744188	0.205093716391491
0.125710428062599	0.0792565527339479
0.0486993622547085	0.0323099608252926
0.831181395995019	0.713983629578113
1.04402091906195	1.00183599978829
-0.890773328934345	0.537186424960128
0.819502230377486	0.781107557060452
0.0378429966179604	0.0239426202181404
0.764961137710811	0.686912306049177
0.591446774031736	0.420376554478183
-1.41526918870121	0.976669155762548
-0.479025189139061	0.256951383518891
-0.110232392947807	0.0457103526440436
0.850470555607132	0.900727076796491
0.282918065474009	0.192561532747533
0.622711645415761	0.477267108826116
0.540650680210603	0.404103419070626
-0.118816915151496	0.0741519114011815
0.0828401714952684	0.0401331870380565
0.756294341985773	0.804951123128723
0.870845526752897	0.761025345687145
1.14404956952995	1.25114294918657
0.116708632521693	0.0563683695715366
-0.259983408253095	0.132782136247751
-0.866126499595123	0.516220107534316
-1.80520839330111	1.15494737745078
-0.623179664086399	0.313881977718966
-0.203325618235364	0.110518148013345
0.575248292201371	0.376195181211906
-0.385246116888842	0.263136285305502
-0.0145056968571208	0.00679482503409189
0.395556692579913	0.205125483197608
-0.00323273816846158	0.00150077083896417
1.89068949273926	1.26684962905946
-0.798698357249326	0.609157251212335
0.208291819075395	0.143430203657457
-0.0194198241033393	0.00882851815270676
1.07676380945055	0.760323216258358
-0.121657997102449	0.0572274737729866
-0.906730416370052	0.442472463786105
0.1922387033408	0.0954804086534386
-0.685901232175851	0.300549112588376
0.788443217414651	0.536371021839666
0.629967425825074	0.483695530855341
0.92271432165727	0.638750526198575
-1.0615597697243	0.341093221319588
1.23921879156117	1.16013042760882
-0.00741059078820012	0.00460514117065149
0.846976342534499	0.523003943170454
0.653686534515223	0.592629801631113
1.39572302533636	1.1114086477516
0.392425886237295	0.204059666397238
0.673793269877528	0.448334469172588
1.56534396716867	1.25743231668437
1.02281053229603	0.64897559292474
-0.0176085967481946	0.00861186560874933
0.179899181549214	0.0894409974742348
0.63735770906084	0.459872674792548
1.61703549025005	2.02184582068249
0.616996144740367	0.441124418441588
0.620576705608962	0.50368761018471
0.0233901179708407	0.0106678593939313
0.246758954752202	0.13623570441954
-0.26909977759326	0.15485351774374
-0.507280468056755	0.319636157504383
1.73129994890516	1.53934772208233
0.185154568795117	0.0825418938255863
1.63789530786722	0.980228085762541
0.364935057557823	0.207412474969776
1.60520003363457	1.17672693060825
0.543392778009527	0.352439081149577
2.14404102760435	3.25110413080198
0.198549416812545	0.107936988823244
0.637340652399855	0.41928762365636
0.550792016141947	0.413969965249623
1.18291676830042	1.24063983943901
0.547479757495478	0.355127598727865
0.119107819287394	0.0717793919142354
0.0313064774471085	0.015664571640949
1.85876542103079	2.25857807677611
-0.237744898087173	0.120287846675132
-0.252372383550114	0.112505044846584
-0.0026992885152424	0.00125287161240751
0.0751145652594236	0.0322862775955277
1.1185511986068	0.9541846720322
-1.27736022671047	0.800453204198958
0.0554336742680358	0.024164426736321
0.546134291691408	0.354769435685442
-0.174302167002144	0.0939103828233683
1.40133347162991	1.01580751975993
0.265067406731015	0.147271981403269
0.138597379839769	0.0795806806460079
-0.879582635397427	0.626892221779676
0.188900597207509	0.102612437341797
0.526356633734993	0.280466582698314
-0.543291542121829	0.258800031767898
-0.293594035237552	0.138211682281907
0.439453420102434	0.299625567490667
0.525910542242258	0.251363850341978
2.09396320894315	1.0011830226404
1.23767216585416	0.976605031934295
0.931286410976697	0.649234990727883
0.511874636457044	0.271089511673467
0.638217789514223	0.42191888333359
-1.17491542765604	0.674822352921158
-0.702058037021801	0.308818735727889
1.05310280914345	0.947623212182025
0.99994981954737	0.62977016197121
-0.723115680547771	0.388204369338817
-0.19925048657526	0.0997432717773487
-0.629784303172585	0.317776532325105
-0.20179290257834	0.089196375162518
-0.261208285303009	0.104022578049246
0.415521633241431	0.239775259640868
-0.0122675279513512	0.00480482701392042
1.51263953812738	1.1968505885728
0.618155641387672	0.333315558557635
-0.1192838884123	0.0450883980112795
-2.02296545852512	0.975996096221787
0.528295801640643	0.312765884096303
0.840309734288307	0.676409649846506
0.772788621646725	0.427500503726755
0.305330119059801	0.156238367126488
-0.283695303913811	0.100324275948962
1.35321814357194	0.796546083854553
1.53398588818899	1.48016880600225
0.00691614605625028	0.00314023211831752
0.718898796865818	0.526550919065937
0.967209757712019	0.860440800658252
0.152773157642699	0.0544416089806384
0.250929293474399	0.113816263180544
0.989717502507155	0.887770018049505
1.24943019930063	0.992559205559153
-0.348646568067422	0.147265846071037
0.77627459834803	0.523707419984381
0.49030993279462	0.287350895880554
1.39700142161624	1.33432053641599
0.492121386744215	0.288292486336607
0.952689986435319	0.539452809124647
0.274498606721771	0.139125330168694
-0.115722668532575	0.0479795248134067
1.02576146208592	0.649887827257215
1.77013950301342	1.43390494074425
0.740277116655734	0.325918558271383
-0.405611387654194	0.233218696848136
0.292060665654364	0.16299228308608
-0.828455699029023	0.475994801316722
0.374587980853931	0.173623407691451
1.3815687280987	1.09697018940475
0.158705131234473	0.0706732270118709
0.841289898904235	0.520100932777905
-0.569836236427639	0.149089357519807
1.20080279819905	0.855248089231526
0.495331449032683	0.290151962092696
-0.890702250873058	0.433082246009291
0.862286513016403	0.535575603200256
0.20608150515737	0.10227819130589
1.10995048947504	0.866933461528999
-0.815437388849529	0.637952956114808
0.875806309381672	0.813638997243714
0.128074367501226	0.0499800929395492
0.386762412635605	0.180324505061923
0.664378701345902	0.362401451476321
1.38245315472911	0.997037812150301
0.9652675553145	0.855159389894865
-1.06239436904152	0.573203977038272
0.302188900975921	0.169345205063375
-0.239422567804589	0.106546074008605
2.66709456431436	3.22668933529765
0.0776751237262295	0.0308047372209045
0.238351940875942	0.096550375900994
1.4246549617334	0.665836622173961
0.531256443039148	0.283829298664578
0.0484135205359478	0.0211002442039025
0.387094333245482	0.18029643055048
1.06336546072704	1.02667507373926
-0.968684049442061	0.494855806200839
0.205496739449155	0.0827689440854246
1.35420278788798	0.79696676661991
0.298113598550053	0.136491539116723
0.662711526771536	0.323295733272221
0.907329984242532	0.50765352851088
0.596073631431321	0.356386445517861
0.0973254038965915	0.038250862918755
-0.566263567708515	0.271551825269518
-0.288000478286122	0.13531495903205
1.88017829599715	1.83126978444427
-0.31102433443524	0.109845799251618
0.876159727077147	0.546017507385337
-0.0911580592066612	0.0380700543660431
1.55778433296742	1.12733028872501
1.28872338026474	1.4569956313353
0.493051183197276	0.234560367881298
0.10767021714411	0.0425940458122277
0.658154660844817	0.252700992521472
0.00519514781671712	0.00134970934347959
-0.417555831829377	0.211855035763663
0.683891250261092	0.375170391856893
0.346249169757808	0.212362160956519
0.861857632262872	0.53553057064618
0.0100849712879516	0.00507313542694352
-0.559646859755579	0.361153578797783
0.877768646267126	0.547983075447986
0.555397752732757	0.362095996943619
0.824551021321472	0.41113003546353
-0.113309866637067	0.0467672298312265
-1.65982542942698	0.97196269708103
0.528699647763917	0.252107675358287
2.29488418882854	1.54476000284554
1.91774483652561	1.6986850710853
1.03292326332529	0.719047773599417
0.417352666103856	0.218009036099295
0.383988914360023	0.178581487882012
0.237811006238033	0.107802233383405
0.650735636916297	0.561893657528662
0.298001591325919	0.151711238621445
0.407705459482669	0.212100236174793
1.38776746123696	1.10223917485603
0.187711757285794	0.0932716837478792
1.56713251943751	1.136858840604
0.541494557398763	0.350158642047763
1.01908147860143	0.46260681212763
-0.845220217453196	0.327295567015593
0.667084594657874	0.256236793609392
0.646409333375364	0.60938505200405
-0.474904929427881	0.253558844286263
-0.180401427805023	0.0795472635706643
-0.871143328798701	0.70133771020879
0.0661104963183564	0.036921700316584
-0.735182378101942	0.396482914767661
0.370425462635551	0.261004447535157
0.523390580128779	0.388504171396267
-0.545519077366361	0.349702609451857
-0.719408868477246	0.384909040985566
0.0834393806486065	0.0360564664468108
-1.16935233380743	0.670201062790671
0.932094980299593	0.525438509481287
0.54947210703207	0.263637053796452
-0.396650921592881	0.227536109046597
0.279562350652572	0.127102067617855
1.40881550447697	1.02381058958166
0.206376436596175	0.0831141314850742
0.728964714145155	0.320299745577771
-0.462056937524915	0.245485813555449
0.857038530268654	0.870739989277629
0.338777403425074	0.14026125761845
0.59990688091353	0.359749032693356
0.434472707886243	0.273725942884325
-2.38813782838101	1.33743392298561
0.656864546210967	0.4361279534511
1.65397893602901	1.95109794293827
0.701235095781176	0.424395080784962
-0.1476418620823	0.0697005402224386
0.410294972805889	0.214125131234264
0.356525969289912	0.202030204613171
0.856188337987286	0.531236568524287
0.0746274433285334	0.0323188453842639
-0.119515512852489	0.0562340596456075
0.0979487480502715	0.0515049679958551
-0.13391231674754	0.0493725690198683
1.36056240831163	0.80218643307938
0.718027380087099	0.315079548918108
-0.894865335897661	0.437283193526176
0.18604445906016	0.100848673439623
0.493460638900116	0.288762273122809
0.819771296311277	0.81908542405492
-0.220030527025202	0.110747838950846
-0.323828301960126	0.174587033805319
0.292273039682495	0.148518822497719
0.209243629193648	0.0844820522046293
0.465894108250632	0.296765285947095
3.37937903459513	3.72744178680618
2.32859090288546	1.89964106716314
0.0135525228697012	0.00828210939079699
0.397144345962178	0.227844720598916
0.511714515391975	0.270381126025179
-1.55717631039505	1.18427326970368
-0.812260121239533	0.55128992620595
1.02051958335531	0.463094081291026
0.398850553080417	0.26736790838505
0.105285442652629	0.0507930792207805
0.384754290335779	0.220007922307265
-1.30835149249202	1.24348489237173
0.00489621730561421	0.00251450821609274
0.739327675373356	0.451665004189896
0.282250462173341	0.128846868240842
0.227744975069908	0.114194773000395
0.560284717270693	0.363190800153134
-2.29898151357678	1.24514903623737
0.111235835709264	0.05868302059756
-0.249961488390099	0.14235917290131
-1.26603151885118	0.785778268909601
2.10956088549126	1.56150447393033
0.395501339468664	0.183961083792937
1.11399081765175	0.640570398082574
0.206805194157814	0.112787105069942
1.34283204738392	1.36124905380646
0.358311805265519	0.263492525627391
0.314631625328395	0.176873638864294
-0.114560701478371	0.0474894040060753
1.37969621534684	1.09525423595547
-1.06842389407727	0.872535934563893
0.61223797186872	0.329926690440911
0.609951180609958	0.364598627320421
0.0358835270463548	0.0190357096696272
2.50122285354265	1.84498467766182
0.253348019026477	0.151661904135736
-0.801589837494524	0.454561255684621
-1.45024661026365	0.75488168621131
-0.875698989859214	0.524527761320645
-0.175048743618219	0.0941022729095924
0.795552965381413	0.54175626354446
1.22398747249867	1.13780623826241
-0.39460073762666	0.198680544399186
0.287859243352518	0.185599346514928
0.998260240570168	0.628298362003353
0.895733663442534	0.870341972084427
0.276703699517913	0.126154964326298
0.276588292801674	0.166394235140582
0.947272504552421	0.720475342897615
0.0209828778587398	0.00941694745250055
1.44754535147158	1.47736823102875
-0.461731845533598	0.207910037351392
0.632375946135417	0.566845812455341
0.827435181684475	0.708909522577581
-0.726770342599158	0.528170480768963
0.0685123941678897	0.0296873078125926
-0.0884816870778527	0.0368491948453075
0.540257746541365	0.231163011760307
-0.0308894424127328	0.0137770779995217
0.454881566010522	0.288254118159964
0.84282396371789	0.812167431204344
0.571482086018285	0.457398467638676
1.60761881344593	1.66552443263919
-0.0844752172741862	0.0489216700597418
0.503177360533482	0.37079015069302
-1.24064448860651	0.764143901640442
-0.983741293799274	0.761596006838037
-0.861152463473289	0.512588489626012
0.383030126934856	0.28510351724919
-0.034110578254607	0.0151057884798909
-0.159037459529198	0.0753181525638416
0.445712287128488	0.280842105734102
-1.53400871811828	0.832064735901909
-0.878014655252951	0.426062455550837
-0.48811027303888	0.299078860430104
-0.12778582193362	0.0600861527683391
0.944316142542394	0.717599186291093
0.463919723490776	0.373719700721204
1.25994537575764	1.00089570759857
0.253958570123982	0.185951015253847
0.347696722145225	0.21447077524765
1.64621808891649	1.57363616854874
1.41172976877403	1.53358849163021
0.965850305611091	1.04680164098609
-0.383811238653228	0.31279440659144
-0.388823130225701	0.284244875582505
1.10708217831731	0.938126418794907
0.619220836936287	0.372711696075514
0.281188008824697	0.16967104104268
0.202571258276342	0.109915014490212
-0.198757768305812	0.087857083177669
0.0133910445259642	0.00695203550058425
1.33353834241739	1.34878824235031
0.451841532642323	0.327736552231907
-0.212738986348714	0.106810224091568
1.00730735941067	0.63571247388107
0.585582448866677	0.49541361676584
-0.249731727846056	0.142278632703274
-0.709873601881587	0.450143014403343
0.847193249689545	0.524551658028948
0.0820482443295091	0.0630696024135677
0.542371079052513	0.290168893491529
1.18300869051522	1.16235830351489
0.792740345270867	0.439480407450059
0.0212729259978882	0.0106170268789198
-0.153322878315687	0.0724652331824612
-0.978939010712334	1.24193464083132
0.0674973436848902	0.0393964181301673
-0.701775609371966	0.502158597463689
1.1527409310414	1.26396829420129
0.678131210030077	0.562728744497305
0.326175127070668	0.284305170564895
0.641937403543952	0.495092025472675
-0.589453029671174	0.244284503215756
0.37176857799878	0.154785559218732
-0.960719666555671	0.489986872934685
-0.724010343016866	0.388506528758608
-0.403749713607815	0.203119305934394
-1.50948465056518	0.81349324476133
0.372816537448805	0.137156309194696
0.216641274364347	0.108202496764758
-0.29668644835758	0.10484129623064
0.770588531347634	0.520351817997413
-1.11692686161972	0.628808125870136
-0.890731752177458	0.434039909358292
0.399364094309621	0.186688997945607
0.529215464306015	0.282490067480692
0.138116009883223	0.0617070833521506
-0.288496107744463	0.101698235397201
-0.218977809314932	0.110381525076843
-0.968106286260906	0.494440901479443
0.177501578902732	0.103015053156944
0.242973730102596	0.144749101407289
1.032465466895	1.04120678878713
1.27819171279958	1.5703636504072
0.590439068492644	0.352374840798806
0.545590260390429	0.261715487557256
0.931503127182864	0.703550631893299
0.953162869881106	0.539868909265031
-0.164181479732668	0.087962781054408
0.298452162987787	0.152206777689316
-0.258370044557268	0.103309602166807
0.713983026763158	0.43220434897884
1.08889306240075	0.621609393731063
0.266310681452019	0.121475162765727
-0.405272760259749	0.204441516943554
0.30490459649998	0.139611008222669
1.16114477453156	0.894091487930022
-0.0987907818098336	0.0537072779023633
-0.999934578248165	0.515222902111329
1.06368787978543	0.746908703924862
0.782159834593636	0.528612617978627
0.215890984501981	0.118042895843892
0.301028520335711	0.153677991809025
0.880533613359357	0.60401139373583
-1.03433327790023	0.437902945320865
-1.18997015221773	0.70236653384219
1.08401453272983	0.767450667477957
-0.251417501055957	0.14319383439814
0.411559902240051	0.238002692660698
-0.0205256449772128	0.0093960391552376
0.204574511709998	0.101551687547824
0.764707438027913	0.471102983972135
0.0576704543448051	0.0253164413766647
-0.168792486395245	0.0630295728668995
-1.70308133734096	1.42229992042794
-0.328872464543396	0.156403283178952
-0.740817420232374	0.608920535283378
-0.919459990404696	0.678653841978573
-0.669351106031447	0.408183336097667
-0.246609219662805	0.140325869022217
0.541018373686612	0.404390472720088
1.35169541565375	0.876625721336968
1.57699963488825	1.03882928986384
0.677665144580677	0.453924472199105
1.06539046597468	0.961018086604794
0.852163096272746	0.738455522267877
0.0553349206453007	0.0271236474812615
0.187661124179643	0.109244543684577
0.106413643900252	0.0514792784541981
0.422820234728105	0.286330693068635
0.493631052963084	0.289389529167855
1.88887301379244	2.12369885032052
0.35307893480902	0.146106759246518
-0.468291428142543	0.283475522591615
-0.270440595240249	0.107885584851472
1.22866579911072	0.967932895983291
1.06602754752333	0.82135826978189
0.798535141563785	0.543503197676643
1.01359834957543	0.639255932860552
-0.124316452686315	0.0631257861215132
1.40149772557286	1.2290681894918
0.187538341898912	0.109165690717547
-0.10537595957275	0.043693622880178
1.8614591548369	1.7996984832729
-0.27489244570715	0.194118082577639
-0.451527141631631	0.270298102882023
0.409311932347317	0.274916854649674
0.311005133545645	0.158471474223657
-0.31927696521667	0.172268704972681
0.552143557381575	0.438317250356427
0.334924380292857	0.244547915433954
-1.1676347260968	0.860053030658023
-0.457526516700675	0.205791865903781
0.67959854513652	0.332998147983997
0.296097225298449	0.165796815988761
-0.36265848859109	0.154156582740072
1.23156989238847	1.058609665501
-1.26795101014945	0.604840042008687
0.514901715318202	0.303134850186288
-0.186910519931002	0.0932511848250214
-0.547110576112094	0.260951924815604
0.610926720202435	0.365470151201513
-0.62172499147012	0.312907296527498
0.74216834809418	0.327265425082591
-0.470885390931354	0.317697810847204
1.05809983360304	0.741676048687234
-0.813209815040893	0.462603621539781
-0.115607629620441	0.0479057150474565
0.856264622830592	0.742390211570804
-0.740767865472325	0.399312465568424
-0.672773125880433	0.468545692289837
0.114734049164638	0.0553521324950226
-0.0302056427002172	0.0163212655444066
0.554258168554846	0.360613358187012
0.0447134769635203	0.0224544581339467
-0.460250531632229	0.206839086201568
1.21395563484815	1.03709097724232
-0.589605465257602	0.243451711825183
0.537266426160181	0.287341791722901
0.160462655638208	0.0714164158589429
-1.39586166491664	0.952951540400746
0.624935192927649	0.336479552442279
-0.852485433515431	0.600516308499048
0.0820892482463812	0.0431360394991467
0.515286798056207	0.359250239859028
-0.452615037793486	0.203249962180122
0.718958699925461	0.436826844815317
0.391260014061757	0.20369516861857
-0.462369929204037	0.208240370447761
-0.144138777725991	0.0824382175581148
-0.928011040639996	0.688578390351913
-0.32041681778953	0.193088694177079
0.264946550867356	0.158780159678087
0.0827371611477294	0.0530003051990263
-0.454808087879526	0.204573270613764
-0.578707504583503	0.32969797453194
-0.158962300698709	0.084981367242742
0.647743019932588	0.248106096676894
0.521000100848929	0.307581593513845
-0.872793548474568	0.521573208198761
-0.221884945482744	0.111544245512998
-0.60058551612388	0.299826957334547
0.650337034212369	0.352967406008314
0.0911124830835859	0.0439582749569454
0.411177603365124	0.214906207324266
0.533670790678665	0.25585970564199
0.25334852562925	0.140062074006656
0.739820123757366	0.325743243227705
-0.331936374507922	0.158005069182236
-0.370830650416597	0.157532482204741
-0.476542515948278	0.215440149524521
1.20004042262726	0.774933730032462
-0.370665528973377	0.184827724843831
-0.0878630398231555	0.0443275940310592
0.402589887861593	0.208697592896787
0.394392162289995	0.204241290759821
0.764056333182859	0.648982083616651
0.926190814096961	0.643287335712262
0.369748297881169	0.229066454305274
-0.263036795634973	0.150433447849022
-0.046262297459406	0.0250752163590404
0.276882019003209	0.166485863539544
-0.14148121435336	0.0531812375815664
-0.206939911793455	0.0914215233165894
0.283488069287128	0.129268286367729
0.486832837105936	0.25684330637382
0.208398362108147	0.104067305935952
0.0728883731274276	0.0291299189149692
-0.366137971563152	0.206820089585774
1.38907690623169	1.00569660459573
0.138962098491654	0.0490173539720984
-0.335332974999653	0.182393702517183
-0.500567232655579	0.342399410084505
-1.06420352843972	0.574118542007439
-0.611839733904596	0.306814145879883
0.664354769013428	0.441730229246439
0.907545528306904	0.622796153304692
0.617174529969047	0.440846767393737
-0.486069460978659	0.260781953076201
-0.0139347208853231	0.00565738221741346
0.467669621356619	0.271886088198823
-0.0266342262038088	0.00910754467899742
-0.777324127306846	0.358295825332378
0.906040374517237	0.623865768708809
1.01500250152057	0.640703644187059
-0.108388531720609	0.0449411006553751
-0.443039654786462	0.170476578459952
-0.0653976201859009	0.0208739201872354
0.632734681319384	0.381686262218005
-0.525072151304331	0.24881866586244
-0.210266305912595	0.0930740945502921
-1.17868769461701	0.693596241160229
-1.10102524669264	0.770858785485839
-4.47262320223913	2.4761000012778
-0.394186043364667	0.225974695158449
-1.15031374117486	0.517727568067306
0.995587748921378	0.626217312458923
-0.260923749578651	0.161335827317332
-0.249037965746812	0.126793546301285
-1.13338471427818	0.969227775615521
1.2405290127757	1.5720681904417
-0.616196273562033	0.309714871949327
0.245395801284534	0.146414870856705
0.779798060091137	0.528618828973793
1.16863799920229	0.747112250150738
0.925609085938663	0.64192637802408
0.383717481493238	0.178509489410311
-0.269547387587906	0.108003324628255
0.115674108907133	0.0450633474409703
-0.456710796524061	0.176228966109245
0.483665369247729	0.205290770753341
1.16606795389835	0.745170000660037
-0.239905723614913	0.121247706002758
0.266147937178637	0.121050915697303
1.31493997922787	0.766614696534969
0.706326980661819	0.428811122318261
0.531766771984415	0.283694446778
-1.10950444697514	0.62359839713313
0.517384064427383	0.360867385243453
0.15473256238051	0.0687094047834316
-1.90522643031271	1.28950261782949
-0.942547610401439	0.477723490051577
-0.583189678820652	0.241035804607791
-1.2495408990631	0.772754511964974
1.18145864221752	0.759074087969578
-0.393175584517373	0.224622262390627
-0.067363920830235	0.029315931521848
-0.805854626783874	0.544732476660582
0.258156258019444	0.117147923362244
-1.54845502409533	0.842804722138683
0.290894485574517	0.162405689559518
1.3425723692305	1.26261613183084
1.07353097590045	0.905056342018499
0.290041641275494	0.148114712491066
0.618928699327686	0.442987984288046
0.8730479914722	0.761061951178832
0.409375293232959	0.235955245414648
0.147118848064568	0.0652604511710151
-0.378031411148567	0.189094058299186
1.18182897347105	0.83560596587187
0.856429293469438	0.646718454481298
-1.87086182449244	0.844983461098303
0.666075449798346	0.549567091212118
0.392637709930417	0.182774824536615
-4.04151145927214	2.10504859589976
-0.4794204444995	0.184897182693465
-0.55143120847932	0.263204560168585
0.08942001094905	0.0498860764311379
0.15392326528518	0.0763031844957353
0.296780183826495	0.150756083523861
0.163253172815305	0.0943497496239157
0.472068949135774	0.248830700923841
-1.39793644528831	0.958933360449458
-0.0523807590110104	0.0301809773969593
0.105864690286429	0.0412456852384008
-0.73635091342594	0.474725104436893
0.0966593042945447	0.0378471472683178
0.636077542329828	0.345297420722109
-0.302797718409755	0.106412114737354
0.0769163178549541	0.0330649548665397
0.0857523989982413	0.0370640703619504
-0.357405934099546	0.151305387815903
0.40575904393119	0.211383442061716
-0.348332885085319	0.147736249849946
0.299182392253215	0.167989591899424
1.51651364301628	1.32128578494737
-0.0237350871077829	0.00762449526949568
0.0878129203252306	0.037835391953323
0.197443030212654	0.107444074192873
0.311676905618916	0.214447719143104
-0.523251852384185	0.247842173546579
1.22294520443546	0.962873622505015
1.77916023903189	1.44485224326526
-0.539071237034314	0.256467263435331
1.2157262515965	0.952323552967216
0.778957245557348	0.429355906710894
-0.532286617428703	0.252761124119899
0.375304295405495	0.213809813506416
1.38961588383381	1.00494774591637
0.596179409715209	0.422986683665568
0.400182481946415	0.230348537281864
0.447014148526552	0.283482398524386
0.544062227742024	0.260789034640157
0.290562283536769	0.147332743685282
1.02169344512811	0.649583160813708
-0.466029374021537	0.210236205952228
-0.679738484989493	0.296927266179197
-0.213862567139666	0.10743845200263
-0.281181560672059	0.131820050119454
-0.491253195740251	0.335480631946033
-1.09865213886954	0.614832910404729
-1.54500794700233	1.1678260826001
-0.402959454033854	0.203493131325508
-0.257437754631439	0.131146568035414
0.362608450894357	0.224481281989097
-0.449417001969211	0.295398603636378
1.64721135790461	1.94088283108414
-1.29039426499443	1.03764225718525
0.807705702203256	0.905310150790134
0.92503750362734	0.701984565523665
0.849172608779864	0.689539626538821
-0.238377461794769	0.145620352811076
0.580710665456615	0.409495425046329
0.199342991375189	0.130473833468837
1.22159361242187	1.04920259783111
0.0829112379061702	0.0330784469636524
0.270282084859703	0.122809747479338
0.608566348945227	0.36591152773124
0.82846634554661	0.619043912945187
0.395124757818443	0.226501852346298
-0.314606403204573	0.203501429893187
-0.0203948399390731	0.0119053418779963
0.29095750676255	0.133391358797363
0.897550718991652	0.615559953512572
-0.133516053813588	0.0551602669457089
1.06963425679932	0.900629806081452
0.688821863609732	0.498990745742403
0.370592214626798	0.154132703851101
0.243303922381933	0.0981938366125518
0.599320735949624	0.425834750188897
0.185040883156614	0.0824822861967322
0.835180137409228	0.718640086363264
0.169531868357422	0.103939923096292
1.96717909880956	1.7721078199045
0.166893788286883	0.0747118780108006
1.36527759307607	1.1850478296677
2.01250645153463	1.63403400969073
1.1964707072276	0.847641815770951
0.407841581209628	0.190313307533106
0.599251219945654	0.359236862160405
0.681215309028703	0.454632412549917
0.0719170624954881	0.0311477294818561
1.16519883868713	1.20978117108233
0.0649039606576203	0.0280237506602574
-0.13168543221511	0.0620345414439319
-0.621842184461082	0.259289005979808
-0.703857376291721	0.309731346052188
0.311257270240071	0.159085248359001
2.34985349319461	1.92693130044544
0.692441352627364	0.503632052906327
-0.213029965849081	0.0943227100231269
0.460550346297438	0.267861481613423
0.794079828719661	0.588811961293074
0.518341854646821	0.276245147599308
0.642189942109268	0.347649323816648
-1.28406850038954	0.613681369349265
0.865558953915741	0.537418194363634
-0.235010990578615	0.104375600698399
-0.195203125609299	0.0862278558477679
0.178243792846699	0.0794426723140086
0.224415556104825	0.0906692862768542
0.0060692487308358	0.00272097650684772
-0.807941468552932	0.375454820857719
2.3367993624384	2.26411018551493
1.22522242977875	0.959126456332815
-0.290468716105483	0.172757532969233
0.116170827629136	0.0454213286519287
-0.464371104581301	0.209319126514878
-0.468704998451235	0.250366332738891
0.280621644466627	0.14284842346357
0.334340698362935	0.189745903217942
-0.568619232505819	0.323684809652729
-0.22186562556952	0.0982899190255532
1.12084101015076	0.645905685852999
1.17389459715479	1.29439363327549
-0.796666142237392	0.609218724884934
0.169064939555575	0.0915733255961721
0.430599191482023	0.291644073076566
-1.52255739715171	0.823970259179866
1.20607990290495	0.860824271064092
-0.554512958162005	0.265123824597825
-0.311155195085658	0.146970355483848
0.791683472913898	0.587201563013778
-0.4775208662793	0.254913591551557
-0.124553075585535	0.0585846952968793
0.842765432859585	0.632739578168608
-0.0766437183674681	0.0385217002560947
1.75254409124354	1.40777832357324
0.635794456794527	0.383384371315721
0.317993091249498	0.207322632634292
0.272080629088759	0.137928250070784
0.79404548234718	0.749175791810736
-0.460719797100107	0.331945065092462
0.956476375327557	0.791405202055067
1.3500041100915	1.6192964651887
0.817843087202566	0.608710740252277
0.480929834065028	0.307500031793103
-0.216506469355581	0.13973440266495
-0.445611541439428	0.358270008681225
0.724590885953169	0.606517184504531
0.421965360795295	0.285959440908785
-0.564685050702556	0.322163621899199
0.421431002183485	0.284558282439291
1.13820838634094	1.30573626806392
0.971912724412125	0.920359264098486
0.16723527733087	0.0744350395154364
0.759786172505229	0.641208337257253
-2.21183244102011	1.15967441993967
0.637119149878671	0.385154919878806
1.95601591183383	1.75108700189354
-1.03433327790023	0.437902945320865
-1.12805409061178	0.637976098982508
1.11056405554813	0.638121084091537
0.356042937282079	0.219952471592579
0.392401905489232	0.20407698019439
2.1442555999334	1.60000166939371
0.389397552665188	0.181087970135301
-0.0562891134323414	0.0245546699680445
0.305284824684304	0.155576849913756
0.396594744279981	0.281396893375943
-1.07901887599463	0.751023278999038
1.56454759083832	1.25664526602299
0.869137711727528	0.438461352855492
-0.022091481810586	0.010054639081315
-1.0492393724418	0.56395781753593
-0.0863639939959367	0.0435610450338184
0.165189178315799	0.0734861143542098
0.522778312570126	0.222995385425935
-0.0608489396470452	0.0265309182706887
-2.29332029960026	1.24177949240011
-1.27614608386274	0.796445470640022
-0.882904550864536	0.429478738709436
-0.388255325352836	0.165553022547161
-1.35616822760505	0.675020650158086
0.537649350742185	0.286825795375402
-0.588158267907231	0.338037571116392
-0.0139203622729922	0.00513268505643854
0.261071042839491	0.118922980072376
1.4985708622535	1.42778405514477
0.176125479420015	0.0781636144439678
0.795979607189465	0.540019912243061
0.660775733783184	0.322947911350062
0.657097299458811	0.357976055589808
-4.07459923337354	2.11415773611989
0.304425869733322	0.15563420927139
0.532920980144679	0.227675804002848
1.02539606965218	0.466075701008468
0.360026257991662	0.149200078994739
1.03321067849937	0.527346662089755
-1.19695051289288	0.708719889514879
0.923872742161841	0.518229968914616
0.736444856323364	0.450936639425895
1.03924160288148	0.662560831668042
-0.0360837128574648	0.0159420838928652
-0.189852114646913	0.102505003413618
-1.22863687054997	0.944585628328516
0.933744933910745	0.526222404776451
0.809223883280907	0.553574215391618
0.804182062817848	0.594886617304601
0.601177997036141	0.357801257232121
0.883791177356942	0.726064088874733
-0.0743651316821422	0.0400964299941188
1.07422546582485	1.03750808037006
0.850999759166541	0.526792691135127
1.93016141410929	1.71603474729517
0.547910426273895	0.355984553474656
-0.483656141281866	0.218899568893365
1.04616988191985	0.535467107793332
-0.12128631146037	0.0616757442142483
1.37950307407751	1.2031910322355
0.961782731625013	0.545692549755819
0.939406967329351	0.927936492390437
1.08306598012125	0.84034314807937
1.22143479833228	0.874677413291568
1.21947538134286	1.04787670988823
-0.204936974969366	0.128796874533421
0.83857170613417	0.806017302039904
0.285479221242869	0.130842631000484
-0.165896647470285	0.0956881680854094
-0.237889456890644	0.145400668564016
0.294817934951767	0.135079594716771
0.717127256570844	0.597447956704637
0.590787817663896	0.501501485740905
1.09622045789419	0.929596872707501
-0.579963639372837	0.239752775702641
1.28991674245583	1.28589621758817
-0.397426220514995	0.228139700179286
0.271079335184519	0.192182460843586
-1.34985152116833	0.886219778799108
0.376855104420516	0.21576829855445
0.636226511514894	0.457992228577978
1.19295075607967	1.09578542663286
0.548670727333466	0.263158750531141
1.17408315829175	0.828114040925228
0.123387721123309	0.0482962911133922
1.06812642753076	0.753163181583165
0.298112272611265	0.166418560194253
0.197570390657919	0.135290083899832
0.747582838056016	0.666171171859033
-0.0147072402173396	0.00961999417283217
1.11931854026973	1.27444820035087
-0.17189438892021	0.092533885394752
-0.135470440088983	0.0823831738178965
0.256811390853514	0.172726510628949
0.516017908183695	0.274665478425935
0.83101558003205	0.712657094335147
0.642167159971668	0.495186150350819
-0.577446414537608	0.488594072913945
0.700194192905428	0.509696036186119
-1.75415303745035	1.52113567888855
0.7983552826818	0.546508399047221
1.61496649220853	1.670140569841
0.203513141919579	0.145521118290285
0.510938349100449	0.45366067155688
-0.222922300138414	0.112324259562828
0.755558699127198	0.601855589384114
1.01609542363259	0.642469712751743
0.835951566696024	0.673511585978047
0.963478934490065	0.740855309276445
-0.467425001134167	0.426347541433242
-0.363611451784025	0.245387295173244
-0.118973161357601	0.0674608152404331
1.19402967027235	1.09955678885333
0.0115108447550067	0.00520588588162814
1.53691378249725	1.80027737542633
-0.289092995694014	0.154180570739732
0.67141792988185	0.446845235714933
1.7684250652383	2.24378133051306
0.553087608415486	0.415582812596131
0.038877332482784	0.0225643271363938
0.861916794924934	0.917071264380149
0.493867949896546	0.420970048200438
2.07540368687899	2.02275067119257
0.456632609122131	0.289698455218302
0.11079591935967	0.0583703086336251
0.616106726858536	0.369842021893018
1.21909455771353	1.04620153235908
-0.0200539689689117	0.00924936041321361
0.167748210203707	0.0748556782921888
-0.565813146570846	0.321953397616686
2.20810712558402	2.33723317485112
0.415933249767055	0.281060691004422
0.858604283438783	0.696030229531813
0.827468665565151	0.617818772214098
-0.00715498769386296	0.0038831065488978
1.05710252962127	0.742785775393642
0.536656845578832	0.377401491209692
0.796679833704765	0.442157551469821
0.739820898998207	0.656962477023625
0.95371592297489	0.842935731570515
0.405360793589544	0.233604472508657
0.353460244909914	0.247300012101463
1.30479298548128	1.39962262333607
0.0981330212370079	0.0578635862155862
0.46331478097596	0.294380156183153
0.190006391901331	0.103378482347059
0.0893066924655202	0.043328163148044
1.78371540201795	2.27752872220677
-0.465103023758441	0.280908219016093
-0.690314138556965	0.491944164125721
0.626355209392582	0.508196565364854
0.912407095482846	1.02266725858052
0.548542383553987	0.41186048242323
-0.0699198535081962	0.040213414649152
-0.905052975120656	0.827882399136076
0.0787605117674298	0.0460975491378411
-0.950767773559995	0.713946275588733
0.560803961647763	0.364609223264486
0.0854155442083922	0.0530299394807251
1.76856754922774	1.43060020959822
1.07354652774102	1.45042263342305
-0.178254319697311	0.110136540090223
0.617769477241579	0.52632917382452
0.397807267294845	0.298160676853952
0.309769482054679	0.188840145215541
0.520969537089806	0.276209160255692
1.07084736615299	1.15636430106439
0.605237372768037	0.362376768624426
-1.05993296311137	0.570880646769559
1.3701583452825	1.19304941256524
0.637378814278278	0.491809834104216
-0.707970533533475	0.447477609270956
0.0653187253924492	0.0317782893530994
0.40792478137559	0.212449666945042
0.777617445268066	0.701229438851029
-0.246716820143027	0.161561041397163
0.662771628729891	0.441094583523372
1.07033012197504	1.09404558966315
0.868119463169792	0.708361258659109
-0.317176583718378	0.205586363207018
0.497595006557887	0.344154027401903
0.750078813008591	0.410951399108668
0.024873087642766	0.0157530423872652
-0.578263834187681	0.458250685367529
0.621855260600694	0.446872981206629
0.188593349878612	0.10230350292565
0.498127932358542	0.236443501123462
1.05943055101002	0.817398593148731
-0.383143383761462	0.218662297208602
1.34914473370045	1.36985584025983
-1.73528231930005	1.06259972812796
0.94729759734062	0.781382221970557
0.0873673040757225	0.0425940237307668
0.0912652639964432	0.0442274720659336
-0.726081369066027	0.465326044754744
-1.37667542993378	1.16493758258804
0.655411830865437	0.435755056325529
-0.457997925196164	0.205691883718767
-1.40722907266378	1.43203260782153
-0.109314415572761	0.0453281031504117
-0.591982727004816	0.472186447842403
1.07877986575336	1.04197833881916
0.446343995875932	0.323321432963736
0.816743451077797	0.610352787800776
-0.841241841891999	0.484178337705475
0.7057972039108	0.513843056682793
-0.531378122667735	0.405016868704967
-0.466012616771055	0.247602623465117
1.10094209759323	1.00483294054572
0.354475107629635	0.219332043887554
0.102406289059093	0.0540315293629633
0.192061112865378	0.0953770358042789
0.767574714674615	0.757092224779078
0.0572549732914579	0.0345466274712001
0.212727782892185	0.105923106155765
0.116584375266518	0.0666784405735283
-0.0998220926228497	0.0542491725063357
0.683866061190239	0.598620400445099
0.0321004840671451	0.0160519424864358
0.692692708011144	0.578248768853792
-1.13038277668365	0.639639086584757
-0.718600584286602	0.51980685654172
0.637744049977546	0.546880639836028
0.549906664372755	0.435899573594953
0.226360697299049	0.124189637457928
0.134053234295533	0.0924784812043722
1.19620538780872	1.65766522951687
-0.299042838168173	0.192153459776153
0.955560097885869	0.845549118568338
0.237051183145483	0.149804572987954
-0.208492129278636	0.0923003517178948
0.283043459121626	0.143872876022877
0.334886007878658	0.205508774697071
1.07797422530783	0.977694519797254
-0.862256434372329	0.763255312546774
-0.238429026374546	0.164595698693075
0.393133933302064	0.294121402793949
-1.1280772614798	0.946318629509796
0.564964584230016	0.426717152974407
0.190471700989642	0.124189320224431
-0.240145499799795	0.146640362779263
0.35051582175488	0.280495469259891
-0.196464194703493	0.125598028240456
-0.0272063235863192	0.0158979235084639
0.00860576860794166	0.0039002480356846
-0.488549635695597	0.388258276504752
0.469794964200601	0.321685710958119
0.811206071850709	0.55533441111267
1.06026692061997	1.08210992634496
1.8368471842976	1.76649179169551
0.0357197298753317	0.0227703044051272
0.183082811181966	0.118999567160287
1.47005897309815	2.05449251288589
0.655196510014352	0.567201236139175
0.1060322600832	0.0595888492671702
1.29002308410671	1.45530073380474
0.348754658150043	0.214853308909754
1.1220159144017	0.956850579710517
0.39689773185803	0.297459172028854
0.100348257388121	0.0395989734805276
0.834195920983668	0.625888017916336
-0.783780817880049	0.441940328599282
1.04466747382488	0.66692698160092
-0.73425317672686	0.395797132684674
0.164722868330198	0.0732850846023361
0.963884187324276	0.735968919624081
0.829429000463484	0.666209639386708
0.271466381103754	0.163008475338147
0.406014490446555	0.189454292990352
-0.971374826077215	0.49641170725669
1.01478452868699	0.642647285357991
1.10873894784759	0.939379480548758
1.27744391497319	1.44048940448749
1.40010118927107	1.11917149915138
0.542106927053613	0.351190890068943
0.500958831043961	0.265334457170995
0.308228731553114	0.173445882401293
1.06609891379035	0.961659619152252
0.482661183491411	0.47046925499027
0.0613273982804057	0.0264811733843248
0.742375334885655	0.587653427984262
-0.132092531243373	0.080056982894224
-0.99827822853066	0.777236828988456
0.690280184320612	0.802375478342197
0.76371130851643	0.647765823997338
0.621233585293363	0.443736855885233
-0.569236262320731	0.442693911030031
0.675387699154782	0.451772803728553
0.0250086078917353	0.0131452474660457
-0.7134219322532	0.381074231499149
1.61387357607269	2.38429068085541
2.08510616062877	3.01798031184587
0.636948816486659	0.346027212407769
2.45221636041154	2.56295685829716
0.644253138166801	0.465287701421078
1.07730855352222	0.905547631653921
1.52272269632614	1.46465935820913
0.405197244191055	0.271890225986287
0.169824694635629	0.119162074041125
0.422925365743712	0.285254650762488
0.442389618314351	0.352830206649321
1.26563871976854	1.61930291437849
-0.0471494124526735	0.0294094415211566
0.167032208976311	0.0741483415614903
-0.0838427100454596	0.0421971487457354
0.34700406423174	0.212880904721414
-0.449804047411459	0.269740004890411
-1.00661662751093	0.785490363681229
0.681173581961114	0.45617532110166
0.96790442967157	0.859530518220201
1.31004141347775	1.62375385036089
-0.544284038777085	0.259271280188589
-0.275681004442829	0.172040793711355
0.296306913565676	0.165923973522816
-0.694343287377406	0.367712158081522
1.36927075999041	1.46129732908884
1.39040803194664	1.21405860583175
1.34047106051162	1.35658973346456
0.225238546663426	0.0909613781814713
-0.379533143358043	0.215737796057654
-0.800824526225974	0.45429263600809
-0.783247314662079	0.36196089782319
0.499826174909789	0.263857341576079
1.03420004191731	0.723048058930159
-0.728924368362061	0.392223801587576
0.330507207344075	0.241029270498512
-0.409956418768563	0.23605255136953
0.692585738530573	0.502169115226659
0.886039116332023	0.608730537956581
0.58197952629274	0.346799130305981
-0.0522594591848159	0.0282825686333592
0.608250993542878	0.43505520867569
-0.181311734255875	0.0799117266946593
0.143451694892219	0.0871276269956253
0.265679201770753	0.179221882793502
0.402442316708347	0.18812650233894
0.836097361118057	0.719904320141174
0.467097387396732	0.376933191874895
1.13771303971953	1.30457796849226
0.272504180436974	0.193388638913723
0.530183737965346	0.395030178751994
1.95042226728047	1.74642377302518
0.8795552060405	0.547779777560802
1.42070088417975	1.80248341760438
-0.104212129090213	0.0566139515170731
0.952481338039642	0.727615360367411
0.978828675952094	0.813426536876428
0.597711997835347	0.425671064916706
0.963073182480448	0.738016507173774
1.56616187322737	1.39135283232742
0.109599643165912	0.0616309491101522
0.797398234886664	0.541588751346903
0.603746692853005	0.659858381502864
-0.230309899698706	0.172526405283304
0.586255196615999	0.518784878385614
-0.13576012629808	0.0977378834407253
0.52519615804085	0.473035023687572
-0.228706705528379	0.129099327762536
0.725942451329916	0.733003104959512
1.40620184117368	1.5152788440998
0.668501596836686	0.481980638832878
0.75308494715724	0.671216090397389
0.613406381049511	0.367913093159679
0.385583004057829	0.240041541332327
0.667086156639985	0.444740522982296
0.402918742718853	0.188185414998015
0.728534293153521	0.535177427132748
0.917995223442237	0.637796705593888
-1.12408479918712	0.634671729210277
0.416423400702524	0.217442923632807
0.736548080211949	0.451032037756423
-0.0624623399394876	0.0315277954494413
1.36939627632458	1.07981757999308
-0.307829611746191	0.145421206670603
1.20515262607575	1.02461226250333
0.931930041377959	0.706818623919353
1.34481792171832	0.871217601131097
1.15711926978405	0.738578724655608
0.219223176229808	0.0691776377972106
1.96819379058121	2.05951824972428
-0.0528269723845185	0.023077809606364
1.20379603981545	1.11348425248694
-0.0139010907984727	0.00654664648999616
-0.285957758913998	0.166062453783811
-0.0572039782214736	0.0249057498524498
0.774451814129276	0.66039123744834
-0.885096869580116	0.430882878174106
-0.729491318078832	0.531095043041041
-0.88553071330004	0.431190567133685
-0.359139828794768	0.288486647448127
-0.416714003829943	0.268657660720683
1.72369998258997	2.30929417808797
1.35609013501001	1.626032546075
0.942529375995184	0.934787244179526
-0.831068633229238	0.386228236671739
0.311872080630867	0.159012094493708
0.164712869579257	0.0443121871062313
0.670526448069314	0.446286647529351
-0.0903616511381663	0.0488605078820429
-0.553149756828302	0.355357662908398
1.18239740595352	1.16107045358288
1.87001512016716	1.81540474434576
-0.718964508601223	0.384255471651249
0.87838818044391	0.718568256733138
-0.196726546088287	0.0868940048227226
1.07837147372935	1.16859980816434
-0.78751740975746	0.443599075983086
0.512888819518116	0.244333285653136
0.745385857770889	0.457545001775998
1.17067398900947	0.903107828134576
0.437377664528791	0.332601798629413
1.22122968060475	0.87125804065507
-0.178442713250568	0.0664585746185226
-0.00547517939809224	0.00257660468267076
0.803985207388079	0.549190288557401
0.286557476030402	0.131172459695978
1.78431299409608	2.36427063422293
1.58070838179582	1.27594143371393
-0.946208449549729	0.597320103095495
-0.0320450421596141	0.0142588776160261
0.489276536341169	0.28647969683985
1.80109070845491	1.32087470745768
1.00476251029129	0.632577373406783
1.69571454952004	1.49537625762917
1.16992903095148	1.2224950923674
0.568834022568112	0.371963227002491
-0.05641745701329	0.0350786450295364
0.689048564442091	0.498067695018153
0.228453754898911	0.143811749466792
0.798575382174671	0.546693366774837
1.86248011844199	2.5271423807387
-0.0834701336346868	0.0420670756023176
1.23835315405335	1.06705112597588
0.394823104305757	0.308786776491849
0.722061794929832	0.603098880456343
1.07462654923639	0.76171960635298
0.405999273463612	0.212170157756009
-0.0267166719545309	0.0100536286704773
0.168016250420982	0.0750528412464727
0.308497182475633	0.157374547097367
0.138569903706424	0.083971688933001
-0.544969581441784	0.348423896800677
0.854303576926765	0.740336666685531
-0.273502440937121	0.158135141677341
-0.528991839744389	0.250901938522062
-0.287151430622528	0.114803108573316
-2.01173203436896	0.966585779723355
0.91773770739224	0.633956167823128
-1.37463143391202	0.688629446216956
2.90847567911204	1.93003494993036
0.53110968078096	0.253936033610482
-0.276434068862304	0.110420261702538
-1.16961930066449	0.528697323849872
-0.963607386769046	0.491589889952069
1.85325144871971	1.23041181997225
1.03092741179911	0.654764298657525
-0.894674462552244	0.434729914958425
0.0936297944455171	0.0373267364789318
-0.604565297242149	0.251282277452243
-1.17774173891099	0.534067562110123
-2.30970678645234	1.25545952051863
-1.04316415032425	0.438497018575607
-0.62329847768347	0.215656483368362
-0.00940265496103226	0.00400066176615458
-0.354386908247305	0.150297303059711
0.685380513584046	0.45711453137567
1.36427152809823	1.28520171497068
0.617018213818686	0.370745344359944
-0.41228019435111	0.237463149283443
0.326872683109579	0.213997942768915
-1.05585363497318	0.446822668371207
1.38703413430544	0.907831540538938
0.755464654353513	0.415036796005755
-2.12568817943714	1.07271735421006
0.377138489556486	0.156977054318051
-1.53258312720995	0.830744599240724
0.377490691182565	0.13916081303248
-1.03634922728648	0.437645545264478
1.83704267724223	1.35978473769447
0.165816493017621	0.0737749492305038
1.06778393494223	0.549284172367453
1.37215252038438	0.8107644951853
0.701450421265563	0.306653948423512
1.81544788310905	1.33517006136692
1.12856039436272	1.04078163573787
1.23163767775309	0.967315096603289
-0.179636571857984	0.0966983841021969
0.968391873511971	0.862169489447841
-0.705373834691973	0.310871041135836
0.71301351150315	0.559540971075877
0.559043858056536	0.364098283404537
0.997139415431478	1.09745158891558
0.853983917405942	0.694281660292396
0.803403946427558	0.595243392340688
0.838936123454408	0.517233321522298
0.74594058236476	0.627999864597042
0.0644650830899455	0.0376346206209919
-0.0945490099547781	0.0476842681051414
0.526220205891416	0.251214303873463
-0.144544650012664	0.0598783914654856
-1.6031332667323	0.903570671193062
0.729770685586377	0.444531113586408
0.763399456476989	0.419948606865575
0.371725007125946	0.212684013744801
0.843373554936244	1.07662930198973
-0.224860703668633	0.113573846208873
-0.537747517698042	0.411488323986609
0.101390740484169	0.053373725805789
0.758963263579043	0.713243279134109
0.914175129553844	0.630386574735976
0.307281235623601	0.172607142476728
-0.163072015178785	0.0872159155060797
0.218297291563448	0.150979352435201
-0.561929234863211	0.269139246956485
0.912791744740111	0.688385608390781
0.507485417584651	0.325346357938456
0.0152207082112114	0.00507101194688353
-2.31210203474996	1.25204620604986
0.179077576824384	0.088714819238955
-0.435905622961049	0.283816643545955
1.7199480151628	1.37204738313531
0.525588078374854	0.280295332998976
0.681136634563882	0.334259720814237
0.273156294162693	0.13803284353901
1.16345028057134	0.74376728025266
0.739064645646065	0.325797711314849
1.87140250521693	1.24796707743673
-4.03327875109228	2.09470774389554
1.90836535706433	1.68928867521749
0.542216238965874	0.232098489244565
1.38521103066757	0.907172074928394
0.849850648220126	0.780425275355502
0.255717293017418	0.187682922962993
0.261718387699519	0.119020617187412
-1.08820877520709	0.758139621222674
2.00196826298816	2.42423946115981
-1.41803354268768	0.977217340451592
0.515022408990573	0.381168836970453
1.63853248649115	1.71399742938035
0.564595599554196	0.450122655705755
1.66722444373542	1.60204118879621
0.66801272051779	0.443030529030064
0.93239764373662	0.705608508514055
0.470831845893945	0.274263574385797
1.59269204570235	1.16627586435138
0.643686008738506	0.526182010013656
0.668846400794958	0.521124325352868
0.658878146453142	0.511938638455169
1.02563114713095	0.784357005965454
0.21435478178971	0.0861725235633097
1.54004202153173	1.10984067454944
0.505466410996345	0.267920724252337
1.22743989192461	1.22708406799086
-0.813315613855464	0.462809994428965
0.150889575959519	0.0918515050999842
0.948752312880022	0.940883615059683
0.461543120223185	0.292452485027995
0.070306965499769	0.0301997816596663
-0.5682783441269	0.323245621809876
-0.00786116266056123	0.00357322839596969
0.766077378187665	0.688393283076513
1.03410383551934	1.0994939841213
0.562830816685754	0.366896078336536
0.360130316736366	0.277080049043629
0.849693505544432	0.820961288700171
0.616172156790126	0.368592513479992
-0.0873475243447902	0.0504459227076209
0.544312033787166	0.291568463195267
1.18208366251006	0.758592010117211
0.426650310197492	0.289516831066528
-0.25088703702872	0.143211441813227
0.180334462046289	0.117087606352451
0.514035907967282	0.358150593544798
0.620492702321316	0.372619442246673
0.21277979837721	0.086133172362905
0.542033051098771	0.380745688561274
0.61781585473522	0.442197027820757
0.123437719527996	0.0596901151569096
0.80912014961443	0.554539620412763
-0.861583005526855	0.511635276486526
0.598606626333267	0.358651690064965
0.211622616064095	0.105555851154306
0.551476645715261	0.414997380589375
-0.270431650652099	0.17936288187553
-0.550577358860607	0.393583872548832
-0.00344790348676744	0.00231615646990051
-1.67427773443704	1.70560827476042
-0.212563457339538	0.106631994433381
0.504805613366966	0.296891958599017
0.750912527849372	0.633207701590501
0.280567594701762	0.168677092333799
0.814536921162128	0.558509166627364
0.537250894969908	0.287002457673825
1.3414416920606	1.26102368484333
0.364802097605002	0.28138957930174
1.24639039880854	1.16597697869091
-0.943105503359168	0.881750987843559
-0.320044710087834	0.207908587595959
1.4704761883223	1.79312748518129
0.498056603587896	0.385768641041718
1.17134227604384	1.46669685915456
-0.0299614940966919	0.0137478392962719
1.47095790506485	1.50447700320128
