x	y
-1.60223638065007	0.903371487865034
-0.71275639702777	0.380468675047392
-1.3336764196079	1.10734249954228
-2.96641150865002	2.32303184513575
-4.58813580656395	2.64467853415637
-0.349445488301161	0.19623478395788
-1.82080876017877	1.17112999444184
-1.14874391472026	0.654735010692864
-3.22338613765519	2.95079289250634
-1.30862491471978	1.06103827250692
-2.58318195945668	1.59277971668863
-2.43995621020729	1.40629593379888
-2.5130357515022	1.49352908518007
0.526352640816462	0.22492239660282
-1.44090161478048	0.747777802013376
-0.487538914920181	0.261382115421866
-2.43476450923974	1.4020187988018
-1.05581783560229	0.568659034682408
-1.35594363925869	0.895724371766314
-1.35192905343352	0.890916301426177
-1.06383164389912	0.574141082893369
-4.02997370964962	2.09496621993013
-1.02935996624321	0.549563272477426
-2.29073490438367	1.2406352167111
-1.99941433601249	1.46238674313251
-0.869634403791794	0.519501328597137
-2.13707700373355	1.07951101979372
-2.64239236569083	1.68749899997879
-3.93467397147806	1.99923009641779
-1.86730554066416	0.8429457999635
-4.16911696979446	2.21076598662454
-4.3588193521144	2.37735951294541
-1.99639180899768	0.958146422823188
-0.876715730820303	0.425911476778696
-1.04327247802937	0.440980115122697
-2.12273561341433	1.06898900693066
-4.35639833756001	2.3756258097297
-2.59226478771343	1.60249836673052
-1.99644827515335	0.957698774375321
-2.11347393418712	1.06522143173278
-1.84673778173969	0.831130702727852
-0.871814698145813	0.520613753273217
-0.90338312749549	0.441876785947241
-0.268450935572298	0.107340721831872
0.371859430681432	0.172383480997755
-2.44520266951284	1.41025878703578
-1.98293441039336	0.949192478353035
-0.605944339058625	0.252093851078328
-1.52385645215498	0.82377998687084
-1.84673778173969	0.831130702727852
-2.22137300137377	1.16922931533032
-1.84699680482937	0.831609935589696
-1.44740500723528	0.751578792774077
-3.77479524591156	1.85147543373819
-0.691228985588315	0.301965646484341
-1.44006093819209	0.747667173722122
-0.702956899256614	0.307716780323988
-2.28690651227937	1.23894474570437
-4.2573452664068	2.29093211449413
-1.1751252091298	0.532186562450363
-5.152348934186	3.88249202514467
-2.49711611239733	1.47866880381047
-0.930424566775855	0.583745106010049
-2.28064361941031	1.23335346307874
-0.76686451603356	0.509723771882483
-2.76392664581385	1.90539305032811
-2.62588689600747	1.66612624017714
-2.50380631309902	1.48478951457203
-0.152690467090645	0.0815528805357224
-1.52587225622924	1.12582538642439
-2.56224495464089	1.57012887468291
-2.22807388305203	1.16632824492925
-0.123599878055713	0.058127120583384
-1.40953319604776	0.967343488603582
-4.55428838623576	2.57419328070793
-1.86192769613111	0.839544229174556
-4.25477815516638	2.29143765826508
-2.31072952512269	1.25732172722713
-2.19904561869438	1.15072893361569
-2.78108703678733	1.92561040853771
-4.77672145857716	2.93992010799332
-3.76003847317566	1.84356062716315
-1.7946223678552	1.14221265471785
-1.8696422600211	0.845403659105727
-2.50142991053511	1.48225990157177
-2.57249218098585	1.58139611419459
-2.01076080602759	1.47511949088274
-1.25437582051731	0.777183832816461
-0.842756748948847	0.326060739423956
-1.52784468885355	0.827545185869612
-0.463935307895279	0.246637314477337
-2.94540672625077	2.2808852032306
-1.99126591094912	0.955092553918052
-4.25477815516638	2.29143765826508
-4.17039850311412	2.20588655886135
-2.67816173490639	1.73040634876584
-3.93293269336465	2.00033404047736
-0.277878573540477	0.130143003346917
-4.05240244802261	2.11071175940178
-0.542313728650619	0.30606131906798
-2.22940878097744	1.17354915232485
-1.3596101026327	0.676789985256835
-0.617573923622581	0.213728116537491
-0.126576274900082	0.0524944585822468
-0.553005391069161	0.264237034585331
-3.58894130453146	1.67860143537103
-2.8282226256913	2.03383203822383
-2.57072896373423	1.57917855789535
-2.21571595898571	1.16502196453887
-1.74078472277719	1.06823154553048
-2.21700246263176	1.16515371601878
-3.07868138305069	1.23522198167588
-0.167370598847962	0.0615238955920999
-0.864954941217097	0.51672485787534
-1.28813104133576	0.61645774752064
-1.76088123741527	1.088742767809
-1.9867778264519	0.952024332609057
-0.78092608388332	0.359625973298872
-2.14656279488007	1.08722047275001
-3.74963504418128	1.83588161056269
-0.781240365223532	0.360808446645449
-2.49145728373685	1.47365388874189
-1.85706609824208	0.837337155725625
-0.706123446035443	0.376716103941328
-3.3588196552632	1.47115485552605
-1.87467895719437	0.846465184586084
-1.68460702857193	0.993864501094631
-2.71886920024755	1.81205977550811
-0.958027628888577	0.487841119989113
-4.04151145927214	2.10504859589976
-2.56271044706249	1.57107797361416
-3.36834341896617	1.47636636752499
-4.17542167763237	2.2134976250402
-2.98765711966482	2.38846736859329
-4.42879993338321	2.45244343470489
-1.9285007334249	1.34472384872369
-0.628353686514948	0.317006950407324
-0.861505931514781	0.334128096596439
-1.11108959367811	0.624435384341413
-1.94526220136594	1.36511483176396
-1.29091999823593	0.811158453214806
-0.160734012402639	0.0602593296750214
-1.50510572176046	0.809959276302626
-3.76625586484615	1.84719476932436
-2.71366037927859	0.963507235303924
-4.38924210836296	2.38672203230251
-0.79503885538944	0.44974150652195
-4.05794917919987	2.1121754970452
-2.23352960687295	1.17542114282884
-1.67578428036185	0.985611669296133
-1.27440110791869	0.607286987136479
0.397584263093618	0.206479194948093
-0.851683792101146	0.330076596024557
-2.11718160131286	1.06721861602219
-1.17732252758634	0.531838624972712
-1.12464430309204	0.634895695219098
-4.65880874718397	2.75152579678168
-3.78534489158078	1.85430713917927
-0.552335012199188	0.144678456612124
-2.49152330792651	1.4731121087658
-1.99644827515335	0.957698774375321
-0.848785399525297	0.328330589457689
-3.57224560228792	1.66788835769117
-4.37617775397276	2.38122502951885
-1.60202492438979	0.903237281802866
-3.07139247283292	1.23058533678423
-0.448629523505478	0.17218890126135
-4.76299319552787	2.9210808977715
-3.3588196552632	1.47115485552605
-4.04151145927214	2.10504859589976
-3.58994030119047	1.67949603348423
-1.2711614654262	0.606847196265352
-2.70586409134541	0.958513971894066
-3.78302344030834	1.85744021497107
-4.44238745352943	2.46077431891552
-1.02620803879156	0.432926477741164
0.228854627388987	0.0925338573936626
-1.43525715367311	0.743746840723394
-3.35727860837058	1.46969064308611
-0.623416345250975	0.215572753799174
-3.59095515074261	1.67909350456478
-3.07868138305069	1.23522198167588
-2.70163341573963	0.956867155200627
-4.25689153717824	2.29290705492031
-1.86449010635114	0.842363905717649
-4.04857852581542	2.10778994864989
-3.77148258786531	1.85091650653884
-0.435353391320248	0.167249608488933
-3.37144966852217	1.47840697258147
-1.65089065613008	0.963473647049981
-0.629455733877585	0.317462066982056
-3.78302344030834	1.85744021497107
-1.05718942726349	0.569434680914926
-0.933697269189791	0.585285838495134
-0.514578268889465	0.242980830435996
-2.56652504739138	1.57484930803468
-4.43610951964274	2.45699167665192
-2.36072778252826	1.31636402918265
-0.364132096972848	0.181168835147945
-0.799900377750691	0.453907400741035
-0.542581869528786	0.258244503839301
-5.21462410445511	4.06140300036763
-1.85212653464863	0.834573493694522
-4.05038082795765	2.1055872639963
-3.36278475028729	1.47266941574144
-1.5250411902555	0.824457519777698
-0.872013368703542	0.423105418805274
-2.03669613525753	0.983007626099369
-3.32954956180049	3.26952606521941
-1.45614535076897	0.758512878074588
-2.59403761444823	1.60364794540213
-2.31621370762698	1.25504146032877
-2.29310827483062	1.24242132566913
-2.43814379793403	1.40156941890409
-3.58994030119047	1.67949603348423
-3.61947279340599	1.6953687022148
0.0122906199341625	0.00425629082033676
-1.45782564200442	0.759245596008371
-1.02785873873388	0.432839099659065
-4.43182295262374	2.45296630072171
-1.45649776826438	0.757547254360289
-0.263090932409141	0.104433017936253
-1.0511378309514	0.565121711079807
-2.43358477014628	1.39811606889296
-1.73799066072337	1.06516065933168
-1.1126747462329	0.626050773152552
-0.851683792101146	0.330076596024557
-1.93355776191617	1.35049169078484
-3.35179502452106	1.46653269137331
-0.441551645714192	0.169317712142868
-4.04092937869177	2.10154271712257
-2.01851990299582	0.972371505027223
-2.22545914320023	1.16874128388487
-2.36428403430898	1.31857875844052
-1.99639180899768	0.958146422823188
-2.2141003709824	1.16122650969042
-1.04804686574925	0.444867092259426
-3.36435284168057	1.47449237009507
-1.36243062835003	0.679646875656736
-3.81899788399673	1.83322264164807
-1.16406442439091	0.52641484080559
-3.76625586484615	1.84719476932436
-5.05966135808632	3.62866841554227
-2.61061935581777	1.62014493933897
-0.812860612805135	0.55329017386915
-1.21647978193162	0.727744864888601
-1.37016926677742	0.685348503855846
-1.50905857494787	0.812595504494109
-2.84049454465237	2.04679708905244
-1.03604903647464	0.554232845890575
-1.48152884524189	1.33811560904365
-1.3251545612743	1.44293306074249
-0.167178100603912	0.0897263358151754
0.199334422346316	0.099472996877767
-2.49168828765424	1.47353451899381
-2.64460403164719	1.69064390130414
-1.59272533945643	0.894325436640087
-2.00939627818996	0.967707000187225
-4.06088741918835	2.10941038320864
-4.68423827211606	2.78148634722345
-1.20359019345814	0.715001985651096
-0.986278786169763	0.506104475567335
-2.30327745077095	1.25143203189649
-2.23772077952728	1.17721781287362
-4.07562698919578	2.1221913661609
-1.93799234554315	1.35544184510105
-2.67565987691013	1.72749175316774
-3.92665118302539	1.99775476855112
-2.3140860582948	1.25368975194222
-2.29782767723816	1.24420869372973
-3.76435071821073	1.84387401644754
-2.38576804571694	1.33190597501177
-2.21979289525908	1.16736283691429
-1.37031579882915	0.682200396579816
-4.76552734259256	2.92440462450798
-0.807486754461489	0.374297721054341
-0.559755009405132	0.267764118078557
-0.879245503574541	0.426029072548788
-2.30730838527557	1.25380813088647
-0.861505931514781	0.334128096596439
-0.228919101321805	0.101657540009601
0.358927045125617	0.148771569254626
-2.11949469073937	1.07085748137413
-0.456471988267567	0.205206048729193
-1.15389501836187	0.519755185732986
-0.914368146804036	0.447638193779387
-2.69154928859039	1.77736459574242
-2.1569993006832	1.09160267575876
-2.53366077964083	1.51364448386421
-2.44977858856556	1.41258575529814
-2.21461534113915	1.16286256543874
-4.34494934452383	2.37084628303501
-4.16911696979446	2.21076598662454
-4.68274025761839	2.78228112335091
-2.56935196421686	1.57777009362677
-4.68610192393555	2.78443499133786
-4.13781124983383	2.19370267146335
-1.11197520965172	0.625241919881715
-0.480526781912581	0.256839597423021
-1.40002903752444	0.520906482245951
-2.89360246003787	2.16613431229446
-0.890726724670724	0.724215039524567
-1.17606458289388	0.692365983120634
-1.73378799695247	1.0617018111263
-2.2869193224412	1.23824600796589
-1.2669855658367	0.60377549410714
-2.57514062521729	1.58312883710075
-0.785315947242143	0.443374327179813
-3.36435284168057	1.47449237009507
-2.35589680230923	1.31216444419587
-3.37702330182099	1.48164750298755
-1.37063589732532	0.683125328843951
-1.61100597874538	0.908991999316938
-0.607414892767203	0.25166848103976
-1.07347732586817	0.345521195851013
-1.06269309742775	0.573770577004131
-1.39450786271473	0.518532290441501
-1.14704600665076	0.82602833857358
-1.4056376880237	0.523231466165592
-1.81580743969752	1.1668295055146
-2.28115468230446	1.23380954882391
-3.77254526345874	1.84999228139369
-0.555256844990293	0.265331677441038
0.348885364371475	0.144618377887318
-1.19964259943299	0.71244353482138
-1.34181426217865	0.881173822014394
-2.36176594989455	1.31710411155903
-0.0285576672929507	0.00910974546218544
0.0959568880191454	0.037650045053977
-0.392683686758971	0.197723617212392
0.92003140509787	0.265333979478402
-1.04621110690196	0.336165192535253
-3.57224560228792	1.66788835769117
-2.12298150760262	1.07014587393574
-1.46269202170555	0.762045472984472
0.222858227166513	0.0899232986225791
-1.40625850668364	0.967735503601074
-2.28640375998759	1.23778508408224
-2.70163341573963	0.956867155200627
-2.11392188692774	1.06494874903962
-0.307819054596212	0.0914527699091275
-4.04535690851716	2.10812810185728
-4.93664265565474	3.31561457765051
-2.01820623852588	0.9696387848804
-2.25036905618248	1.18226857524565
-1.65737743215848	0.969264793342152
-2.37493646674724	1.32887572312508
-2.37251607608806	1.32355967285765
-1.21554148887574	0.726178365402263
-2.81845176010525	2.01125640974726
-2.10246994456726	1.05737564985685
-0.776126191725083	0.435652902865812
-1.18068049238789	0.877111985870765
-1.18410536361338	0.698530414317388
-2.87123062612394	2.12722473468525
-3.77589440590496	1.85136196280832
-3.59095515074261	1.67909350456478
-2.69907851781176	1.78767227504448
-1.3822546203823	0.692916384563112
-4.44041978765047	2.4586823468445
-4.06462765101389	2.11255501971992
-3.78112902978992	1.8551875673629
-2.82513877845124	2.02465583414404
-4.27030138109072	2.29834028984646
-3.35727860837058	1.46969064308611
-2.32131161043947	1.26330648857908
-4.26627063832155	2.29528174889388
-2.44520266951284	1.41025878703578
-4.04920206073789	2.11106973386311
-2.00026354273992	0.961013342900806
-0.860669179057129	0.334047825923664
-0.977752076419008	0.500588805284606
-3.92367926843056	1.99345307563243
-0.542390477415161	0.258265722073892
-1.37481233371982	0.68549538911068
-2.21584944415156	0.681305547753399
-0.838493230600772	0.323993768624795
-4.04306425799613	2.10816451036138
-2.70586409134541	0.958513971894066
-2.13179594876809	1.07523182018254
-4.2859681561506	2.30290109814436
-2.13466104095075	1.08096489285464
-2.43995621020729	1.40629593379888
-4.34098246878526	2.3681035921283
-3.60789751678151	1.68983130574975
-3.75483041596329	1.83978695406157
-3.77589440590496	1.85136196280832
-0.991810150129761	0.509806300227247
-2.89097943155421	2.16245429466196
-3.07363135527025	1.23229142505553
-3.58335665918076	1.67518681458622
-2.55610193198057	1.56379201274651
-1.66583050920921	0.691573723820619
-2.30449388032877	1.25343368790243
-0.34683667262566	0.146304526817269
-2.21007222645784	1.15716651584895
-4.81778996490075	3.03784575950783
-2.63750560275626	1.68301721581772
-1.79532483563996	1.14534927400591
-3.78414665689934	1.85638851906829
-1.85963706516492	0.83973566665894
-1.39450786271473	0.518532290441501
-2.01001815352729	0.965724886405235
-1.25749609384311	0.597545101863227
-1.1941682928188	0.70769863483339
-4.17182947387613	2.21329788546829
-2.11718160131286	1.06721861602219
-2.46518657438371	1.42382789404957
-4.34624348927067	2.36927828459012
-4.16264127667424	2.20885095484985
-0.447147233388277	0.200394401248649
-1.66892823721184	0.979995972347925
-3.80146982500571	1.86582332272116
-1.26875212360161	0.604085407668168
-1.27023494473703	0.604324230996411
-4.05160990304265	2.11028719170986
-0.699471050496796	0.307170518167252
1.41968167995534	0.663029812506338
-2.70163341573963	0.956867155200627
-1.8694068128429	0.844601786506174
-1.18162305862067	0.531787215720699
-1.59894643174502	0.899776897168198
0.863076656471766	0.43462741330903
-1.34678517185369	0.884347172328532
-2.56271044706249	1.57107797361416
-0.447668333668842	0.17214435359198
-0.573542823411728	0.235942130775124
-2.72585893822223	0.969524600219644
-0.307819054596212	0.0914527699091275
-3.77254526345874	1.84999228139369
-1.08764499564723	0.350424602003847
-3.90813324198902	1.98362137233154
0.175143411457113	0.0466493667011835
-0.876310268505995	0.42540243628292
-1.88416503678474	0.850701675125261
-2.13062196081346	1.07865600632563
-4.06503434872187	2.11587803766811
-2.03056714317627	0.976466275419014
-0.270460900424772	0.0954985476695049
-1.37573668041449	0.687158802992044
-0.383283842920276	0.162739482658226
-0.434961432999446	0.167086564676689
-1.85165382384522	0.834093970321156
-1.65150891434616	0.684638876104635
-3.78939815303739	1.86011491547096
-2.00477309546433	0.963885182334785
-0.705932492241649	0.448024596209584
-3.01431347627447	2.43377952694701
-2.0260504422459	1.49701456415276
-2.0003038660311	0.960555180797388
-2.55995421653173	1.566492817467
-0.298549430134675	0.104921746450311
-0.582933679139792	0.240297648624472
-1.6701485636642	0.693771961098324
-0.539680336337514	0.256621548062053
-3.77589440590496	1.85136196280832
-4.36162244924222	2.37782522932858
1.06988824753777	0.550889105947269
-0.619684656769187	0.214410448648317
-1.65766813314021	0.969751928317046
-2.30066287387679	1.25046812605487
-2.31527165188466	1.25368209299593
-4.86714791770813	3.15449964614557
-0.602742332853985	0.208520192393271
-3.76003847317566	1.84356062716315
-4.26355815792524	2.29573083361757
-3.35727860837058	1.46969064308611
-0.00117822881826886	0.000225212131809118
-2.72299757992429	1.81782664869514
-1.17894263196893	0.533787201578155
-0.971358063343292	0.496366010567117
-1.41775409261883	0.528669717214252
-0.591133123902965	0.244159047712171
-0.641466584282915	0.221734478681874
-1.05874549579791	0.340517355461754
-1.64787661361403	0.682675038481065
-1.37247806837058	0.682754884943915
0.228391632407592	0.0717682523462766
-2.31512304171078	1.25973909189853
-1.03885418830688	0.44012726863515
-0.614019159842528	0.212412899348605
-1.4100660045313	0.525324314819007
-0.614629303246652	0.212859635062105
-2.69742047364421	0.954793958704405
-3.77926307478465	1.85127770676235
-0.867198879296577	0.336585280611694
-2.0009310324435	0.96065844239
-2.02423402451201	0.971452318684642
-2.45217028201333	1.41245900217049
-3.94139013946879	2.00052434630377
-3.38645895276948	1.48682005672701
-2.11998288139766	1.06742628712601
-2.37489032408964	1.32443096603159
-1.35907180017074	0.676691168910889
-0.622635956920882	0.215317258996289
-0.580879860496026	0.239214999024612
-4.69753726700241	2.79645911183026
-3.77777798897229	1.85381647077243
-3.07640864801309	1.23288383031758
-4.24378616805523	2.2846717321129
-0.391500985276828	0.196798389717929
-2.33442761559759	2.11659663699652
-2.83661111614546	2.04161038506818
-2.29020238982239	1.24037011345977
-4.75304523218331	2.90698101585547
-1.94706666620392	1.36883614069274
-1.04752076701136	0.562485716167355
-0.241572339473686	0.107626074459433
-4.83297338626271	3.062059778281
-0.129073863433387	0.0483996085032557
-0.65456665338405	0.397446781954923
-1.59674999239321	0.897340928951717
-2.78187517693712	1.93211532979147
-1.8836078580739	1.26614894422745
-1.28033208846747	0.612003662875318
-2.74896926387689	1.85293564945059
-4.3925002479413	2.39062163526568
-1.06279629691461	0.447818746406456
-4.3953547303591	2.39236934487284
-0.70173814597974	0.308020159478613
-4.97961328940598	3.39915483331392
-2.97675006185456	2.34333741492617
-0.578162687511197	0.237988288429865
-1.18960742909593	0.538260385922478
-3.38771608511228	1.4875101742467
-2.11392188692774	1.06494874903962
-1.79899678685476	1.14993432435471
-1.36327350260876	0.678771682281662
-4.176058922312	2.21074031127811
-0.0109306408276534	0.00368182516573107
-0.788047700737663	0.363840330027023
-0.553958654260902	0.145182611160989
-0.80050823817488	0.371645272608826
-1.04110676221673	0.440382020329988
-2.70163341573963	0.956867155200627
-2.22562309799989	1.16739008884919
-4.06173222543462	2.11518700600053
-2.50743828828462	1.48867654719081
-2.29234752723334	1.23809533435141
-3.936522851433	1.9974992799014
-2.21771392177421	1.16210504224536
-0.598883978623618	0.247395247475171
-1.05646904603249	0.339399875274635
-2.79860926793874	1.95708935109521
-2.67954556144947	1.76131137279165
-4.88532240088075	3.18499918767447
-0.247439059476487	0.0989308703517246
-0.621939448849656	0.312957259222839
-2.22938446964645	1.16907601255784
-2.94079755396705	2.27487956433736
-0.379278080892839	0.160667128932299
-1.12691316107366	0.637131355006347
-2.53903159801327	1.51883765779424
-2.37829122069316	1.33207135376626
-1.79860594185568	1.14748399051314
-2.01450430318929	0.968561367912498
-4.25942459625412	2.29266964216773
-1.51705850551273	0.818560530413473
-4.34624348927067	2.36927828459012
-0.879195124312606	0.427697736080641
-1.43465679397917	0.743609351963693
-1.27217456605666	0.605873744514978
-3.12836584402267	2.71515959355397
-1.39014181084958	0.695482191583639
0.355736737747118	0.130899931063963
-4.3467496964881	2.37010808357007
-0.866683576934089	0.336331867617666
-1.26127218295854	0.599397091737887
-1.38062365761273	0.69101461969372
-1.67644140720731	0.985862193841011
-1.6940792113496	0.70593320619324
-2.01406826545766	0.967641701236427
-1.43274827166983	0.742299625448418
-1.16772117212957	0.528433678686815
-0.868489438585159	0.336671392262026
-0.83478237691398	0.388120316754101
-1.560939593496	0.851030238857759
-1.28037733470539	0.610896536735237
1.05950799582708	0.543606235982554
1.02443817956032	0.465159106601353
-2.71011261153659	0.959781838355434
-2.01450430318929	0.968561367912498
-3.59555613615216	1.68300555028358
-1.27138801963813	0.605578836002628
-2.22234415307675	1.1649955291586
-1.45655727173164	0.758747403920084
-1.94927558568507	1.37096015910451
-3.59917875026863	1.6842416851873
-3.77479524591156	1.85147543373819
-4.34803806897913	2.37126879619767
-2.72585893822223	0.969524600219644
-0.536651138990143	0.255013934145576
-2.07530388481493	1.59258686955754
-1.94048195782403	1.35966763219825
-2.00539888757949	0.963793316660815
-1.75638186903736	1.08381515300539
-1.16680011965008	0.684178778461614
-0.461121154331549	0.177157984025924
-2.31512304171078	1.25973909189853
-2.36663608247292	1.32015697702911
-4.54745922429048	2.57050465769979
-4.03766575115594	2.10184118405813
-0.856911412851495	0.332040601733639
-0.778921282945467	0.358529957266417
-1.03618795532734	0.554012319667736
-1.5985715842883	0.900233435058638
-2.52588471819913	1.50516842416295
-1.37247593555283	0.686330843447504
-4.18479181124415	2.21748246125629
-3.09113915148148	1.2417518149532
-2.90071357902264	2.1787347959883
-2.37484183056106	1.32988541578828
-0.846333711055868	0.327751612710057
-0.856841474893289	0.332280942743884
-1.58472539506221	0.888863391905339
-3.77573916737932	1.85380433735081
-1.69148064028013	0.704200361451381
-2.37341094240672	1.32415008855742
-3.08375289604109	1.23769189540263
-1.06481827777991	0.451217659938128
-1.0615597697243	0.341093221319588
-0.760138851959936	0.413363392330984
-1.40006092344507	0.520919163563197
-0.980064776817727	0.501877612075471
-2.11310261442659	1.06492799561126
-0.781887487807158	0.360399844059742
-0.0900312571249825	0.0279764260645235
-0.632162665545722	0.219170645510441
0.205546412509336	0.0654556986076483
-3.59555613615216	1.68300555028358
-3.07640864801309	1.23288383031758
-4.05108877352117	2.10760535596381
-1.41645084217475	0.527905262240427
-2.12444963291931	1.07212159004831
-1.68251786490918	0.700466142537837
-3.10486453831157	1.24874162330781
0.190569534030361	0.0501121779284389
-4.04151145927214	2.10504859589976
-3.08884603829221	1.23975794982067
-2.2348548766899	1.17741045036647
-1.06695223882153	0.343090364543094
-0.563611070468618	0.231900658153848
-3.93467397147806	1.99923009641779
-0.704590530467056	0.375685144617057
-2.00939627818996	0.967707000187225
-1.50617063551689	0.810552483213129
-1.17150081936606	0.530198239755579
-0.930424566775855	0.583745106010049
-0.35971038293615	0.151997629567589
-0.785956569069414	0.442843449415045
-1.57582476158045	1.22707416046762
-1.02791524702104	0.54852372596475
-3.09703919773745	2.63122825911223
-1.90971887475921	1.29858720173413
-0.625292307228575	0.315014341792909
-0.454471428413319	0.174484284283712
-1.86478353888801	0.842725053145115
-4.26109374732629	2.29157323233769
-4.60963827794147	2.66613367517711
-2.89142782435261	2.16522781708578
-1.66922530212738	0.978622184092886
-0.337841500948934	0.142688447097194
-4.36680659507343	2.37869643841977
-1.45150546745609	0.752831030681741
-2.35513771580859	1.3123245708059
-1.65922758541	0.970761835746398
-0.965052906841603	0.492152791426029
-0.755647289676063	0.410424661065419
-0.357624389957813	0.151405697897138
-1.38808308865788	0.695709816515939
-1.86708184670542	0.842527387415285
-4.52088324307845	2.54832470326063
-2.11755785216562	1.06751623467529
-1.84679477964015	0.83147975999879
-4.02756186228716	2.09574648152364
-0.476826233214032	0.182878374464514
-1.1520285158978	0.656843008128487
-0.46166310804584	0.207878321999418
-1.44006093819209	0.747667173722122
-2.71011261153659	0.959781838355434
-1.65981160581395	0.689135823128313
0.0573758098427551	0.034571210271873
-1.13658404510333	0.644319238311857
-2.50970919284488	1.49197689876917
-0.796298489406637	0.450346603122231
-1.1694672557125	0.528499698760636
-4.99619358796542	3.46970402804595
-2.50125723488485	1.48208256548134
-1.75037012905495	1.07650801720193
-1.03417272848721	0.693815497109442
-1.72930932529885	1.05760450296617
-2.37592987401569	1.32559090634423
-1.57462982891906	0.880450326825315
-1.22187103549466	0.733078699649256
-2.20505921096608	1.1553292005338
-2.29512676741855	1.24315992275128
-2.23038359609845	1.17170649129441
-2.60506387565259	1.61394091274841
-2.45244630455149	1.41270714018685
-2.84551406495183	2.05945256426284
0.948320256938955	0.536300879865724
-0.722943484811307	0.38770859315844
0.3989572680801	0.228988296217264
0.84532825005061	0.423712192156455
-1.04752076701136	0.562485716167355
-0.349678604543454	0.148285615881742
-0.290264244922464	0.086664393151335
-1.07640788462919	0.583032060473215
-2.29148273704556	1.24007714951067
-2.55559160019544	1.5627379333964
-1.59011278909946	0.893051119294763
-4.52089391573851	2.5491382568235
-1.82989266398215	1.18285063177906
-0.612012642248703	0.36451581026841
-1.58601845236003	0.88890760012816
-1.26611008962462	0.602542817660872
-2.70172133631749	1.79131942512598
-2.44479830547166	1.40986385095143
-1.10760869438847	0.621422365662466
-1.41006283819756	0.969330399051357
-1.58915397489778	0.892196183355349
-3.93293269336465	2.00033404047736
-2.50356627952964	1.48624290341331
-2.38009005732566	1.33016901358066
-1.27315545055793	0.794921429686215
-4.44294139954885	2.46112406792812
-3.93006019056186	1.99560595892027
-3.07363135527025	1.23229142505553
-4.04920206073789	2.11106973386311
-1.94238596515454	1.36478200590175
0.0982355755665946	0.0382560653425887
-1.69269636632268	1.00132525925687
-2.00487632331829	0.964752716253326
-1.0349152842375	0.437979365409546
-0.78177625474826	0.360054173807952
-1.12582660780349	0.636219335366243
-1.41120680430057	0.525408451104084
-4.15028392468185	2.20182713515589
-2.1343311148027	1.08110955060248
-2.29226779694308	1.24433700686356
-2.37484183056106	1.32988541578828
-1.10822597002978	0.621944108891081
-0.0406886173446265	0.0153452268966473
1.86515819004066	1.24156084965488
-0.461183181366073	0.178076312499759
0.369110869322808	0.135732432030217
0.237289596889249	0.107902584553407
-1.2857023014555	0.611398509636557
-2.30274077508011	1.24600435966085
-2.00962563683429	0.966143278449327
-2.01001815352729	0.965724886405235
-0.581389823298465	0.239441623465482
-0.856342270176058	0.331890705566381
-2.21182692508325	1.16089270807421
0.108422039677516	0.0525683473068575
-0.283973509098269	0.150997995581249
-1.03506150072591	0.553807979761585
-1.6704813518925	0.694229837622103
-0.871034755717784	0.422704859030013
-1.38008399908634	0.690625100873533
-2.06307462474009	1.57700602648958
-0.318349629724823	0.15092391195019
-2.43574990655947	1.3992661158144
-3.91602663724961	1.98744962612138
-1.36910978722981	0.682465452306273
-1.67611206938582	0.696901324006446
-1.3712991592506	0.683935562272308
-0.619684656769187	0.214410448648317
-2.45306657797749	1.41129834645591
-2.22535700288107	1.17156243813891
0.528518663169177	0.225915075235767
-4.14994462743472	2.20385984270542
-0.349980834075126	0.147578138657806
-0.0293257527723175	0.00996222205952042
-1.43828491664909	0.745321893362788
-1.37424371681227	0.687471643985531
-0.541907738363291	0.257647903249376
-2.1297457731826	1.07222172042448
-0.287911233633997	0.101776170153979
-3.92064495622739	1.99105448150927
-0.605180937846931	0.250797073989609
-1.03631607385665	0.437992519750334
-0.207068346058139	0.0915767665022266
-0.798393618245374	0.538201483131522
-1.45846509634435	0.760910309487137
-2.01851990299582	0.972371505027223
-4.37190749979545	2.38279217193538
-0.801027998811076	0.540906114473864
-4.88532530249255	3.18820108750308
-4.04920206073789	2.11106973386311
-1.53431119020257	0.829732693683676
-0.569449607849871	0.273329765075233
-4.43429500885101	2.45594884050631
-1.26780992913111	0.603776701589844
-4.36680659507343	2.37869643841977
-1.43306316486832	0.742299858068565
-1.85192380064082	0.834442636969663
-1.7285238055757	1.05636492095878
-1.07280779831685	0.58100800001933
-0.572255729354944	0.327790401875331
-1.67574561872649	0.985856204329334
-4.9801848381703	3.40369660529773
-1.67090245342283	0.69488094514333
-0.00338931200824689	0.00124732227029482
-0.53831895264315	0.255816988896738
-1.18343277084636	0.698575343625219
-1.12335332513083	0.634372502549939
-0.301685332136629	0.142228478734724
-0.262126760043673	0.09259950993339
-1.06176376799665	0.341464816793195
-1.6630991075983	0.974680237430546
-1.22096609522906	0.729466421186624
-1.03019855244662	0.435357371093139
-0.873455074352349	0.338807918158856
-1.53805788548468	0.834561893095061
-1.53095830526466	0.827214047464969
-1.85165382384522	0.834093970321156
-0.972922322095839	0.497287737812541
-4.28020142129962	2.30005903504176
-1.86449010635114	0.842363905717649
-2.4472904044397	1.40963192149213
-2.62808338049825	1.67108204636374
-1.80199632943895	1.15277293808316
-1.27231748208822	0.794546753460205
-1.6590858674493	0.688456873864247
-0.819065005453949	0.558566964717603
-2.69772875653276	1.78525281870107
-1.87612533793965	1.25919280074456
-2.29077698153927	1.24187627764817
-4.28986148436019	2.3031125004893
-1.61126205347154	0.910207869081458
-0.803158637019964	0.37301652646178
-0.392730660262894	0.167187680046027
-1.44437322546145	1.27566400730275
-0.123013440440309	0.0578778718120377
-0.0372662684778551	0.0139192309840474
-0.813371911175723	0.376688877547029
-2.29586287214713	1.24115905838178
-1.38624375792542	0.692612708168282
-0.423033741266796	0.215275817413452
-1.62216173396331	0.918775027886266
-1.55594070521693	0.848010664396267
-2.45321504385254	1.41407611338168
-4.42086087564084	2.44705334881255
-0.789829963446375	0.364322663296123
-2.51675117721352	1.49666682740743
-0.599099541239403	0.248844276962284
-1.88657261110141	1.26974478576961
-0.31011280695359	0.0920681438912792
-2.00929557922532	0.966427344580905
-2.72171203704424	1.81513744960792
-4.25525762215192	2.28906246294121
-2.75735791351471	1.89370703311098
-1.95655831855492	1.38276626399799
-1.57622643641363	1.20858040452368
-1.59795234739778	1.23824103121665
-1.42365342768871	0.985545479326196
-1.35737722622843	0.676855809608637
-1.60522229882032	0.904973561872902
-1.88777525826983	1.27173203363672
-4.87888589371114	3.17596552473306
-2.52465963559083	1.50494689513857
-1.65421652827022	0.96601036759387
-4.16557082457581	2.21108415973646
-0.122858155499715	0.0577954376921025
-2.29399373567397	1.24282682565483
0.435766061214227	0.275023636033194
-2.69227813163901	1.77746130602314
-1.34782403479031	0.888127393794713
-0.742527719405907	0.479658892612651
-0.360835911866092	0.173253512252261
-3.91602663724961	1.98744962612138
-1.59315834738743	1.24988773923114
-1.22937374473734	0.948142567403191
-1.19254814184096	0.54186931155468
-1.34710087491322	0.887166059859001
-2.57760179908845	1.58645806613479
-0.886152798954113	0.431197619145426
-0.679487120606057	0.418637148340395
-2.50809298605599	1.48846674563663
-2.37484183056106	1.32988541578828
-0.962321351953062	0.490455741891991
-1.19713045461824	0.890796016085529
-1.59011278909946	0.893051119294763
0.145975314749586	0.0515795731294497
-2.45720989664394	1.41894767849654
-2.01700101062648	1.48056459985162
-1.43977315296661	0.746657425459127
-2.3737543898329	1.32911262614911
-2.29202828883495	1.24079034797245
-1.38005362861749	0.690638088798239
-2.50404660530288	1.48322369220244
-0.627571254996817	0.316653851721435
-2.22189185823927	1.1641356481407
-1.03478886046852	0.43602194372989
-0.562826702323617	0.320797951882347
0.216719705000493	0.0685905264325179
-4.26488222534041	2.29072742907397
-3.75483041596329	1.83978695406157
-2.70293478375215	1.79344975501879
-1.85706609824208	0.837337155725625
-4.24378616805523	2.2846717321129
-4.65080662636555	2.74048473791871
0.670708932188477	0.257754358169692
-1.42203344715552	0.530094923539112
0.328661568012875	0.136315733459886
-1.68445780676828	0.993129857633493
-4.20579484707701	2.14751847790236
-2.63250504812286	1.67598618530028
-4.26313966820906	2.29327567420988
-4.60125277010925	2.65728643791095
-2.365665234657	1.31952740266533
-1.59858823734011	0.899442745274229
-3.93006019056186	1.99560595892027
-1.90622154393871	1.29065158723452
-2.0003038660311	0.960555180797388
-1.45761213366632	1.02642963939598
-2.11936869045786	1.06766604072714
-2.3680088024538	1.32225566076317
-2.6717088750298	1.75023778985498
-4.34231419154002	2.36913281979921
-2.37081301817916	1.32297440668817
-0.579807141837133	0.279102719518537
-1.03840129028194	0.439083259173446
-2.6920672954378	1.77532443311464
-1.82895515193738	1.18205221095013
-3.34633385192973	1.46318397472514
-2.49780215587011	1.47937295927552
-1.66744933918142	0.978662698290424
-2.29873491177997	1.2488814628918
-4.44835057237063	2.46349980493581
-4.78296550307873	2.9461999227422
-1.19028293870472	0.540562219063122
-1.53283145320515	0.830980442549267
-4.16219572485281	2.21097139519147
-2.45840490326422	1.41571486869323
0.225966183592239	0.0913174889589082
-1.73077644216966	1.05850938450279
-0.233193025743778	0.0929478837530934
-2.30542732555591	1.24664995711753
0.636853587294481	0.417516831098335
-2.2997979953836	1.24661612912326
0.506085290380753	0.297676011002249
-0.0488732681168701	0.0164020852866697
-0.350997633964885	0.148632356653058
-2.12072193969405	1.68071044977612
-0.468490162631547	0.180990518019647
-1.25295959107357	0.775129569432013
-1.80793843865555	1.1575736800779
-1.42336384309457	0.531065517704682
-0.367558616870852	0.155959502340406
0.239226857357396	0.0750081264787135
-0.884616062319822	0.344204529869746
-0.233684096752022	0.10384146948569
-4.15730572263676	2.20160317922622
-0.796999130031761	0.369829171930991
-1.69463082274883	0.705831791677075
-2.29512676741855	1.24315992275128
-2.30887936075629	1.25597153296746
-1.47021947092774	0.769038767044201
-1.17111794171152	0.529966087415742
-0.863904933809988	0.514977324421092
-1.46276011873182	0.764743540382741
-0.262626098954254	0.104803635379749
-4.47542682897466	2.480125319338
-1.53503024090125	0.832291801281505
-4.36567306289006	2.37797919952685
-0.613624883643019	0.25554505546392
-0.942525612558909	0.595201560789765
-4.34098246878526	2.3681035921283
-2.44168899197299	1.40722484864866
-0.24814832121498	0.0989855740761602
-0.474619900376113	0.214255998693273
-4.1813456163769	2.21683900779772
-1.12433435947377	0.635015022505985
-2.37513594376028	1.32931470799544
-0.133278826073955	0.0628440492296779
-2.36569602019202	1.31991216960315
-4.35639833756001	2.3756258097297
-1.05874549579791	0.340517355461754
-1.60790807880896	0.907762253153784
-2.57767508927904	1.58688850506403
-4.61072081822146	2.66758201201111
-2.1330786219033	1.07621645199903
-1.67973723018055	0.699026054779453
-1.16913104226928	0.528353202807269
-2.22940878097744	1.17354915232485
-2.2158385165716	1.16125422417523
0.154977604006342	0.0690131082483107
0.789588946865053	0.437748905502687
-0.7146284829212	0.314925638277482
0.736190815267467	0.323965896236265
-0.730411261747208	0.392615188967175
-0.0664262007109938	0.0209721489186256
-4.72322954492955	2.83020590125686
1.03176072954544	0.5265534403541
0.166936128032523	0.0447866169980702
-4.27516350050331	2.29936711540837
-2.24297204813111	1.18107597353182
-2.48502551618765	1.46668957670926
-0.50136029209029	0.270491810518655
-0.862091881853106	0.334156907007547
-2.31332642906969	1.2584043290715
-1.18140854571029	0.536174901408134
-1.89454314008597	1.27714192108784
-3.60694906770666	1.68837993099841
-0.774481240591187	0.356801187125042
-1.85239672412683	1.2304014868146
-0.826716743603844	0.385500609660929
-0.534183043780641	0.253807044221201
-3.60223015168946	1.68659358699125
-2.70702874417841	1.79874847020392
-0.186840670828522	0.101151621058656
-1.75001001809744	1.07729642407275
-2.14656279488007	1.08722047275001
-2.1208158451092	1.06971416429685
-1.45367499146829	0.757312352224493
-1.86106031555896	0.839921305063987
-1.88139628417268	0.848727927622862
-1.46188899813732	0.763854272606848
-0.890359368676926	0.537215402755766
-4.14429500839158	2.19644933788275
-2.48570428538635	1.46738213886667
-1.87973598558039	0.850724394417062
-2.0333427435021	1.50826008290203
-0.579039188854987	0.239311587653797
-1.04967098697063	0.444340257770738
-1.05259347840758	0.44707905735105
0.644841398833874	0.313496166688653
-2.50444095885978	1.48544055586519
-0.808118044152023	0.373975730105746
-0.00812595870270181	0.00313694657959655
-2.03218569815275	0.9802966721164
-3.80111774610442	1.8659804390989
-0.463110695407206	0.178375788684295
-0.470700844765668	0.182127234389503
-1.27809004828817	0.608653989044404
-2.72254698556843	1.81894050572661
-2.02517812963847	0.976188963257647
-2.51272116823611	1.49250074885865
-2.77353419662681	1.91955598079733
-1.63700557887291	0.930688261871879
-4.46291419882794	2.4734151734072
-1.87203613428715	0.846151592026043
-1.87175994383342	1.25180718981776
-1.23387097089902	0.951819898654748
-1.1751252091298	0.532186562450363
-1.12414796671001	0.634695369096336
-1.76442812232356	1.0890160383266
-0.349386271933574	0.147519127045187
-1.73470452450556	1.06133819855114
-2.70313132053488	1.79290745282122
-0.714758966419551	0.516545502269947
-0.863926139514102	0.612110456658432
-1.11390370987713	0.625852038608946
-1.16850780240902	0.862972002195529
-0.754896147154066	0.489839434021904
-0.943803774713639	0.594588375484444
-1.5048259635489	0.81002774091237
-3.34089494495661	1.45941892864411
-1.10348808872637	0.618035062873208
-0.860679824721	0.607912627105087
-2.51037176709186	2.52894473441528
-1.95144303240524	1.37453633285256
-4.8437674496508	3.07977086908145
-1.5114061389687	0.815178080841396
-2.43476450923974	1.4020187988018
-0.546790301338097	0.30867442130418
-1.53114446636086	1.14883882809125
-1.192563927154	0.705834368984198
-2.30131557413346	1.24858058081986
-0.27210757845312	0.108572883473738
-0.800518761783148	0.370984581582516
-0.112568452642424	0.0466483744384858
-0.871701900316084	0.42273628299303
-1.87596959029014	1.25734332687318
-0.865688912747694	0.418556015561248
-0.376627575015505	0.160603295470591
-0.287472706618412	0.101488977013302
-0.454471428413319	0.174484284283712
-1.38401507902244	0.693568339593704
-1.60483017400557	0.904687036991852
-0.952682326068932	0.604024021647701
-2.23352960687295	1.17542114282884
-0.987085526710404	0.506517347996442
-0.298209899803795	0.0888556079266036
-2.21857279100537	1.1635867234512
0.00311846223911361	0.000700906436378901
-4.1723383620468	2.20999877179666
-0.699227545946808	0.371229584679766
-4.88526803637236	3.1862510845752
-1.53620076008989	0.834584734995371
-2.50925697291342	1.48924629436121
-1.49196609104803	1.08636713301348
-2.08689359281473	1.58401946852021
-1.05392737611313	0.567054054207599
-1.20630342301148	1.22795274242644
-2.18475252544578	1.78058864831655
-1.30566653993973	1.06050777742629
-0.394381876337681	0.226018730855821
-0.447571973934581	0.200716253891601
-1.56076910789337	1.187380662714
-1.20293068485035	0.714763757755512
-0.963017007839503	0.610909499450214
-4.45043740676887	2.46561741104862
-0.806855855336809	0.458608397810851
-1.53552716515039	0.831673245959551
-0.570056610671328	0.325451991402255
-4.60021782169401	2.65506464752878
-4.05160990304265	2.11028719170986
-4.14388836659071	2.19900597096196
-1.83339389510048	1.18826040749262
-1.76244231651131	1.5326958957628
-1.98778451866404	1.41876369671972
-2.11601954105613	1.06445349950185
0.0233838953377629	0.0105841017960775
-0.831290848426461	0.570603110769068
-1.531402879766	0.830490230912692
-4.52856677600853	2.55382999068473
-1.11652279599879	0.628290736338269
-1.40664072061403	0.523833363794703
-1.74807965241168	1.07526732848008
-2.0054207593741	0.963547752147917
-0.592169831088979	0.244586039963322
-2.93960617391815	2.27251726830289
-2.37386592286141	1.32798245692185
-2.3783003379761	1.32766117397187
-0.00626036912807161	0.00282000569011714
-0.938631728537941	0.475217497319275
-4.24813695301818	2.28801536487992
-1.39925717089136	0.957499111062727
-0.241745701877622	0.0965042852908881
-4.36355967578491	2.37877756284295
-1.92980297942392	1.8520528437115
-1.27889698676932	0.609901394259853
-2.12714346847861	1.07249200731632
-2.69358983899648	3.02881059158039
-1.45179633471141	0.756045893085997
-1.25697148126608	0.780085542128577
-0.978768193927246	0.50134368123924
-1.52728343134877	0.825459432703884
-1.01759577326045	0.800296499824776
-1.72744908131021	1.05539219011134
-1.36243062835003	0.679646875656736
-0.953093246197204	0.48428800989669
-0.474381867190277	0.183610175838256
-2.83646363070818	2.04688620260221
-1.97673987647759	1.40685726293353
-1.11509270306278	0.627058662439591
-2.57405427624802	1.58315199985017
-3.76525925684352	1.84720564289157
-2.12555366380104	1.07095429717116
-1.86106031555896	0.839921305063987
-2.57344747439721	1.58240142510042
-1.2660217637948	0.788906221751604
-2.81761869224813	2.01751036405245
-4.25265659713447	2.2898268986172
-1.04301260376589	0.558981620537313
-0.595073439900445	0.245514443066504
-4.35433595562411	2.37519012218125
-0.568435973063989	0.234206663746281
-0.991746562109012	0.51011667472779
-1.86471680414225	1.24542120280935
-1.18776324990542	0.536514977379172
-0.873182864850677	0.338121383534069
-0.867068011053869	0.419783082497807
-1.45299939281059	0.755288272777658
-3.77672205781815	1.85446280695645
-3.75483041596329	1.83978695406157
-1.4219749564817	0.530252037140031
-2.29159668876491	1.24071014384983
-0.776105273371284	0.356709493494484
-1.39650087650841	0.701442129441486
-4.44784915241132	2.46339559822248
-4.34624348927067	2.36927828459012
-1.68628846885507	0.995485255322267
-2.30608518357589	1.25057172156481
-2.11392188692774	1.06494874903962
-4.04151145927214	2.10504859589976
-1.62634770411721	1.29826079289108
-2.72033845382996	1.81318323862673
-2.44977858856556	1.41258575529814
-1.31411796447789	1.06644704918108
-0.959053245785377	0.608823373389862
-2.32071295410615	1.26162572208248
-0.917024305689369	0.676032865841985
-4.80376618856031	3.01427467742834
-1.04563498046561	0.703012766686322
-1.26558914614068	0.602324026089222
-4.53364645098506	2.55789050444179
-4.26355815792524	2.29573083361757
-2.43995621020729	1.40629593379888
-1.18431113562654	0.53429420432245
-1.25614098279066	0.77984616561916
-2.29072096881426	1.24083413052326
-4.88849562094054	3.19049907534736
-1.0615119851955	0.57252850790234
-2.10980606316615	1.06266635659416
-1.61003214154306	0.909661351099797
0.162442133524232	0.0437962799435881
-2.61933612509298	1.66056892591036
-1.35939278653243	0.677811934753088
-1.18237319807968	0.535985364615801
-0.260034348813733	0.116112974615276
-1.06898305525912	0.343786697766102
-1.87674308856886	1.25848496092297
-0.788364464108204	0.444698948292137
-1.68251786490918	0.700466142537837
-1.0615597697243	0.341093221319588
-1.28590889397054	0.615034834764119
-1.42143227654439	0.530097293201823
-0.587105476109032	0.283178741391644
-2.01844112246783	0.97315371759549
-3.59457107507717	1.68111145167334
-2.23305101219008	1.17371726217704
-4.21672949944716	2.22175189187493
-2.3936310725883	1.34111959532403
-3.07779091507257	1.23444005509606
-2.24647002429723	1.18174887554965
-4.15327020089363	2.20432271636899
-2.01001815352729	0.965724886405235
-2.57593400156416	1.58401123579205
-1.88492067650224	0.853558511841316
-2.73827303983823	1.83812611802679
-1.30934872131413	0.627354259124872
-4.83318436228138	3.06307113256372
0.806252155942975	0.449121867528436
-0.872972224659417	0.422781761820394
-3.59454550442482	1.68166340932544
-2.63267510322329	1.67521331870289
-0.59938969284993	0.247859072895053
-0.622381586772578	0.313392510661505
-0.545286873659753	0.259699433835499
-2.4552883721088	1.41434509384379
-5.25710129920957	4.2070585289619
-1.6041249128386	0.904483606379259
-1.05231466778725	0.446756735404442
-1.54470660495917	0.839340070568947
-1.80711355560529	1.15657692109647
-2.1330786219033	1.07621645199903
-1.67553565535771	0.985806198372964
-2.36341110768057	1.31923078270653
-0.612031321957417	0.211857749173378
0.101594513226281	0.0395779342607431
-1.04103573621231	0.558032053390027
-0.283236568148671	0.0998426574768193
-0.00412566672559185	0.0020414973441956
-0.640899162094276	0.222116615711427
-0.693904328034504	0.304290621744348
-4.14729217785897	2.1992079268094
-1.20293068485035	0.714763757755512
-0.495494163359639	0.267318357668576
0.631487761399254	0.241706330163116
-2.5040479237663	1.4851022909487
-4.27907227494034	2.30205478228728
-1.44244884750019	0.538754668760648
-1.66334518932433	0.974955083835162
-0.609972148093613	0.211094583965016
-0.95526336446613	0.485967960832383
-2.36672503394161	1.32070635256073
-2.50377036235663	1.48652434293658
-1.28707425541922	0.807903848576708
-2.57842370582458	1.58769617860914
-0.656177160414779	0.334170385858336
-4.04535690851716	2.10812810185728
-1.46379129195833	0.765370466249733
-1.88734425320894	1.26750539395483
-2.22525576472641	1.16899262956777
-2.22448548675733	1.166036051304
-4.26149557297921	2.29427476868642
-1.50977859525806	0.81389395835942
-2.23352960687295	1.17542114282884
-3.36831359825678	1.47530274455047
-2.2078354916501	1.15735021957133
-0.0563468530710317	0.0183053422248631
-0.303349464245053	0.0902573552966827
-1.02345681712834	0.430964713459587
0.392421849391657	0.18262008209141
-0.61980910686889	0.21438234201855
-1.8696422600211	0.845403659105727
0.364611751353719	0.151440468978919
0.523435096706483	0.223966102757692
-1.41783944731051	0.528429166675377
-0.625868963941049	0.216824207812961
-1.15941724236045	0.52185601563537
-3.78003658498957	1.85502418402836
-1.04396039644596	0.442275006289496
-2.30887936075629	1.25597153296746
-2.50905612816955	1.49077441584626
-1.6083543874471	0.907567609730809
-1.03433327790023	0.437902945320865
-0.852571679144086	0.330089246728635
-0.793771728219969	0.367020059270464
-1.66818000347714	0.693126653252464
-1.38412717885622	0.692778507929022
0.688755278517132	0.230474449974642
-3.74445231675699	1.8318045614682
-3.57779146077189	1.6716096552128
-0.266747632420497	0.124477214589775
-1.67647833120894	0.697650135674115
-4.24838910894254	2.28624579449077
-1.13163825066591	0.640431336716354
-3.95456152551089	2.00523720321485
-1.61857138006081	1.28773201846757
-2.51559567949144	1.49550871633565
-0.957018769727699	0.487537617034311
-2.55180015861199	1.55876008658475
-0.77540894370398	0.435616318936975
-0.776971757761701	0.436010248816436
-3.77890786484843	1.85240905541715
-3.76003847317566	1.84356062716315
-0.817376571455278	0.381156744201718
-1.17099870940297	0.530191757788779
-0.685378781620892	0.299709216899221
-0.876598113380346	0.426035886950951
-0.0138932285756685	0.00515494398905462
-1.67715076848025	0.987400793610908
-2.36757448264332	1.32039621349726
-1.29316683475649	0.620731249480532
-0.273568940236403	0.109066080837026
-1.19618226911385	0.543852161589212
-1.49050738116039	0.77922331858927
-0.796691062675822	0.368557133597586
-0.833789421550518	0.321978355999801
-2.52311770565192	1.50241291142007
-2.56909712582737	1.57620382472658
-1.43430638465563	0.743111804196349
-2.20623353940685	1.15675409138197
-3.93160461258972	1.99784117493011
-2.43859020194545	1.40033011681449
-1.85678839455874	0.83710658213153
-0.511184862799559	0.276787994330006
-2.64443032346082	1.68976296951241
-1.1335499162025	0.6419500309582
-0.150877202843333	0.056484983413495
-1.2963576638034	0.619662312123494
-0.508700474086099	0.381620194837023
-2.08529177416386	1.60359867440309
-0.688254230546836	0.300693951150028
-1.15834045602401	0.522470439870725
-0.27135422905341	0.108404247441826
-1.87224929212043	0.845337362082422
-1.0449857789212	0.560609726749197
-4.85061417788183	3.08837453646635
-1.36353121034769	0.679947757035519
-2.03218569815275	0.9802966721164
-2.12133148918601	1.06915072465905
-3.08884603829221	1.23975794982067
-4.04306425799613	2.10816451036138
-0.297259187748637	0.104992821890835
-0.955378227119234	0.486614192616635
-0.864381804338068	0.335734250586124
-1.27797256902881	0.611279615513691
-0.72205904521855	0.318326481111749
-0.896765785010164	0.437798259728112
-0.722576644438661	0.318889615416635
-1.06622034319365	0.342974832284015
-2.12714346847861	1.07249200731632
-3.09856783157417	1.24523470355668
-2.28564731112417	1.23670439548653
-1.45435485582758	0.758463932701995
-0.900334356072975	0.440080527734025
-0.567965487274228	0.233984276483109
-1.7459255090082	1.07194528350807
-0.602221138107033	0.250014814641565
-2.13278885469375	1.07856804928262
-3.37548811099911	1.48033512114538
-4.54000934267343	2.56486185814744
-0.861505931514781	0.334128096596439
-2.11578578611789	1.06813323063996
-1.99189891584759	0.955227350306138
-3.90652181656617	1.98418574759937
-4.70570696145673	2.81001468405188
-0.789703074832944	0.445561604280754
-2.55983615232032	1.56779503457238
-2.86091731143339	2.0799936638576
-2.00929557922532	0.966427344580905
-0.890731752177458	0.434039909358292
-4.17774826907052	2.21663473000996
-1.18612415875464	0.537581178711275
-1.86106031555896	0.839921305063987
-1.8667105682604	0.841554223626961
-0.0781656658783107	0.0245872172782976
-1.87246933847204	1.25009067024441
-4.26424239453019	2.29352419171064
-2.28884585046841	1.24044219476433
-1.8696422600211	0.845403659105727
-0.865328582962853	0.335897198478452
0.659401082528965	0.359083077574214
-2.35697250756352	1.31318760782479
-0.585485776416599	0.241442425243013
-0.283396943738349	0.0999124017158553
-2.0003038660311	0.960555180797388
-2.20774410875569	0.677401665515386
-3.79805621129742	1.86510326956197
-0.088435858106263	0.0275313027925708
-0.280601642427783	0.111671787522738
-4.44476997857169	2.45883329204446
-2.30277406221512	1.25086229145333
-4.16371658818129	2.20305088536117
-0.30709378819044	0.0912559149429667
-2.3566062101086	1.314198192143
-1.07347732586817	0.345521195851013
-2.11746382801723	1.06848701206422
-0.558348061499499	0.146135797280242
-0.0661875953619334	0.0207338761251897
-4.05160990304265	2.11028719170986
-1.42379013919442	0.988119230505136
-1.46593813902834	0.766575578073343
-1.053059231376	0.566103605377672
-1.74110790889249	1.06854504204822
-0.221013687054179	0.0978857846003641
-3.59095515074261	1.67909350456478
-1.74579844954474	1.07294413171053
-2.37704817671173	1.33045748769313
-4.17141225225282	2.21471620191718
-0.956180924052998	0.606114160340001
-0.646722188212691	0.328274817243883
-2.01851990299582	0.972371505027223
-2.52090444098054	1.50150753240347
-2.49818457668163	1.47989081980368
-0.126510934003047	0.0477122262641493
-0.0639267380980342	0.0205486036956714
-1.029655160941	0.434790858458953
-2.21700246263176	1.16515371601878
-1.1648638008845	0.524412167316955
-1.41775409261883	0.528669717214252
-1.86077463335474	0.839687050184734
-4.06503434872187	2.11587803766811
-0.609158398920802	0.210864854245956
-4.29738604652446	2.30535586791848
-4.37617775397276	2.38122502951885
-1.29258716818129	0.618072498197632
-0.649230689026155	0.225009014571457
-2.3586220833337	1.31467826942616
-1.0391932855535	0.439860012267613
-2.30088045466324	1.24930482082857
-2.14481382391338	1.08544442453342
-1.73489348376816	1.06260358538328
-0.0164381548465284	0.00528209613697803
-2.49183819483228	1.47389356399228
-1.42071246035238	0.983346289051134
-0.889378172605413	0.433786438322578
-1.8719868603424	1.25434247908462
-1.15691704614535	0.521501499139131
-1.27397027936176	0.606194254479419
-1.28285348960273	0.61161525957578
-1.36699443415435	0.682127925614102
-0.971824020603917	0.621940215779308
-2.63225418824284	1.67584869523041
-0.801865281557637	0.371535800188647
0.333582536409756	0.138396584612384
-4.06929585886399	2.12036110532691
-1.25279434091344	0.775776205618544
-0.296750217432167	0.103976205842255
-1.36533681381796	0.680036025184842
-3.57779146077189	1.6716096552128
-2.0054207593741	0.963547752147917
-0.301428510472253	0.0897422711630161
-1.04370181840318	0.442057004321112
-1.45234699367359	0.757214576198465
-1.16540127972749	0.525823482270628
-0.00862871214000165	0.0029287799477348
-1.16193768983232	0.524469662052362
-1.66534691861143	0.692044342245821
-2.11949469073937	1.07085748137413
-1.05231466778725	0.446756735404442
0.163508956262119	0.044048271796309
-0.0184028531974983	0.00733325781650872
-3.1028374169451	1.24834402300385
-3.9177780296514	1.98673325034687
-3.76625586484615	1.84719476932436
-3.79584742037865	1.86257166402281
-3.7822960035098	1.85408814850394
-1.99858427025849	0.958161386505011
-0.81284309114771	0.377695383749736
-4.43669604585829	2.45709641212527
-1.26243503428592	0.600708591092801
-0.960709775461978	0.49005284387629
-4.16911696979446	2.21076598662454
-0.780150350422275	0.359605144048685
-4.45894765227025	2.46940023936271
-1.51678302596642	0.819835722988352
-0.866471081674747	0.336233357060911
-1.04804686574925	0.444867092259426
-1.06821129260626	0.343603474036397
-0.885426046748995	0.53214240526721
-1.43331406224515	0.743288730309925
-4.43305814740114	2.45349509687268
-3.91115711718605	1.98773421616791
-1.6140260442759	0.912218934899405
-1.37691769683573	0.689600565875951
-1.25973883756054	0.59911537149248
0.753167125060692	0.332710144540465
-0.853247361436894	0.329927300073785
-1.44658086998501	0.750274311624763
-1.52147724032705	0.821713335598111
-3.93467397147806	1.99923009641779
-0.894509977293814	0.436662409157685
-4.25477815516638	2.29143765826508
0.394125128061474	0.183816923923853
-0.270253946111383	0.108060843744584
-1.41645084217475	0.527905262240427
-4.05794917919987	2.1121754970452
-0.0382439125167459	0.0126455953354367
-3.60789751678151	1.68983130574975
-0.98349839390099	0.504605050811604
-3.91115711718605	1.98773421616791
-0.278972209932268	0.0983420963100997
-2.31332642906969	1.2584043290715
-1.18798788669777	0.537872150577545
-1.20023062598374	0.713766216383986
-0.904310567015881	0.442109681845012
-4.03918871987192	2.10524024595735
-2.36036189530833	1.31484530923321
-4.1508653202915	2.19840519596197
-0.614143358575802	0.212385342725654
-0.95871471765552	0.48832559545282
-0.987781766072259	0.507355553853128
-1.99829236227185	0.957949784189899
-0.549588025379477	0.144138904810768
-3.79094657638256	1.85879192364176
-2.22399291176976	0.684709935367475
-3.35723985186942	1.46921686980584
-1.43744413342229	0.745233430743207
-0.863352501759032	0.514547802199965
-3.3699089431771	1.47759887690837
-2.03669613525753	0.983007626099369
0.365533534682937	0.151851051683459
-0.602684854525791	0.250239871866686
-2.57164958336018	1.58003767771471
-0.108250009899257	0.0446785960759716
-3.39647176983462	1.49101126233615
-0.518272035292277	0.282519510651284
-4.73063999432367	2.87495541092782
-1.3842273236728	0.692667616957146
-0.58389033008226	0.240418350380747
-1.6590858674493	0.688456873864247
-0.262810530573506	0.104663427825919
0.141121290122531	0.0629869063153805
-0.0400552343468428	0.0131132101208432
-0.460110236174702	0.176983755723439
-0.565000228990759	0.147836672845567
-1.65981160581395	0.689135823128313
-1.05358933464413	0.33872103827442
-3.91115711718605	1.98773421616791
-2.01850845370089	0.96936380639731
-1.60220587523224	0.902431455061557
-4.17851573040839	2.21479074870686
-4.45844324687633	2.47069777130566
-4.16971128217099	2.20890794382921
-4.44884263040919	2.46344854230385
-1.86478353888801	0.842725053145115
-2.22400217564411	1.16706794466522
-1.04353941998243	0.441584599968822
-4.63430348523878	2.69028719197794
-1.42336384309457	0.531065517704682
-0.68301796744625	0.298709183054191
-2.62685886012566	1.66947829514884
-4.5008395385448	2.53219047241483
-0.882288412007812	0.428144775281186
-4.85593621017922	3.09432953273453
-2.52435960926792	1.50444088976169
-2.55884955835348	1.56602283598978
-1.17496325562277	0.53155802416682
-2.368951354329	1.32149968036233
-1.4447681783772	0.750010748908205
-2.22681388290303	1.1672610265698
-1.80886013010415	1.16004441265658
-3.90652181656617	1.98418574759937
-4.06503434872187	2.11587803766811
-2.10576931737962	1.05976215138098
-3.35179502452106	1.46653269137331
-0.866683576934089	0.336331867617666
1.32741853967373	0.77660995148096
-0.932503682205095	0.583415734560049
-3.91737869661859	1.99098603502328
0.659139813622293	0.359850573275316
-0.495087887189494	0.191372014462327
-3.77672205781815	1.85446280695645
-4.26689442776366	2.29239346844895
-1.40789505573932	0.524052581176505
-2.02296545852512	0.975996096221787
-1.84565357995499	0.831014844516951
-2.37994784373645	1.32866401996759
0.00723476552703256	0.00197053529422351
-2.20738666444761	1.15696998944592
-1.41566993597402	0.527490945156496
-1.86106031555896	0.839921305063987
-1.29823586137564	0.621598682128207
-2.01844112246783	0.97315371759549
0.669501572235949	0.223838569535414
-1.04262352734275	0.55922989889121
-2.7734960483257	1.91982006957645
-0.292562777536825	0.0873256919566233
-1.46194743291561	0.75902196829377
-1.88448396886121	0.852062830312478
-1.59833100413523	0.899997971641654
-4.25052690205315	2.2880944108349
-1.27188690731027	0.604749565190076
-1.35267895567093	0.673396358127171
-1.44988420345251	0.752414304796478
-1.16541177888144	0.526599725325247
-0.275247702919785	0.097131030124026
-4.03918871987192	2.10524024595735
-0.236782810922471	0.0941429298115153
-0.77860748550086	0.4378864829485
-3.59354478017781	1.680717919137
-2.03218569815275	0.9802966721164
-2.31783610164439	1.26077431139505
-1.68564624732874	0.993390457251812
-2.13217409344596	1.07378593353129
-2.11841393944251	1.06545625197998
-1.95111042426449	1.37590780886998
-0.695027489555875	0.304489686679679
-0.595883747540278	0.246573190390553
-1.38641319246077	0.694057655021248
-1.27503271661737	0.607220561474893
-1.161727308057	0.523354473433113
-3.60896421071056	1.68984505602686
-2.37591954978973	1.33057745213111
-2.29693491210074	1.24392292484134
-2.31085407778684	1.25201650540812
-2.20043274561316	1.15079511512643
-1.30180474977357	0.622087916294092
-1.42123887889725	0.529700967854108
-1.45767524580327	0.759997656303863
-1.03814626889719	0.437252104994395
-1.27940608510332	0.611758208494254
-4.14729217785897	2.1992079268094
-0.0727812611127623	0.0367600206918933
-1.44281448905346	0.748216870923822
-1.37653690517932	0.688949352751257
-1.67090245342283	0.69488094514333
-2.3936310725883	1.34111959532403
-1.05385629892348	0.446193795299728
-1.58649677647227	0.890547941618927
-2.14669880966704	1.08567350898634
-4.59612819578617	2.65289237004807
-1.51815659235092	0.819867181149032
-2.29873491177997	1.2488814628918
-0.843632384546793	0.326174057658844
-0.963657148053121	0.490913940037489
-1.27010281563082	0.792127360525417
-1.65352787363434	0.685632629902248
-1.40560598461579	0.523218840236611
-1.66475403793915	0.691346158978942
-2.28887540110124	1.23923984307535
-0.459861636199603	0.177353964994964
-1.44480139006548	0.751755603250394
-0.355484234495669	0.150312333414441
-2.11949469073937	1.07085748137413
-1.26019955673637	0.599172314335062
0.669501572235949	0.223838569535414
-1.43712852097385	0.744887131996541
-3.58894130453146	1.67860143537103
-0.623912429413464	0.216071538242249
-1.86994341331998	0.845645277968239
-1.98293441039336	0.949192478353035
-1.8799867742031	0.851158447671355
-2.21581699567367	1.16321748057463
-0.140838653975427	0.0527226524064122
-1.16488047678596	0.525281223723841
-1.16139910889898	0.524444291600882
-1.65928188300209	0.68850398687338
-2.3039506915781	1.24968993383189
-2.02302690872272	0.975336805600658
-0.988885298461528	0.766401577534275
-1.17555873799068	0.532704720189261
0.739943659131711	0.45155952365567
-2.12253162170095	1.66442105835714
-4.7339712929825	2.87962739018146
-3.91737869661859	1.99098603502328
0.220407429530267	0.0697487780405643
-1.54098144416984	0.836409347577622
-1.81247141835729	1.16461420733183
-2.77797917138263	1.92224165637485
-1.15031374117486	0.517727568067306
-0.972382892627334	0.497764009408011
-0.3589252321028	0.152232036587029
-2.20774410875569	0.677401665515386
-0.906741005842573	0.444226272298284
-1.2665247817769	0.602286288842178
0.213092208418423	0.0856693481711991
-2.35774559907767	1.31515492123826
-2.73926136638721	1.83998769354845
-0.976518053262864	0.49999904372927
-1.59858862689667	0.899330042834867
-0.579911482495558	0.238617269068205
-0.575959266308268	0.150202913360021
-0.305292095879982	0.107156874602311
-4.06173222543462	2.11518700600053
-2.51244001101394	1.49342625137535
-2.02358256650656	0.972426151420343
-1.0434005790414	0.440356926950636
0.470262417600406	0.27409934307111
-2.38427397081262	1.33538039587126
-1.10040143538626	0.616119083784455
-0.0151714850754453	0.00601136636614209
-2.37704817671173	1.33045748769313
-0.253485315247376	0.10093789746224
-1.03684038718668	0.555137024295592
-4.04779504756951	2.10716485544102
-0.606339210725948	0.251581291136881
-0.367908077312735	0.156378656449478
-1.84177908837407	1.19413211401026
-3.37392983582167	1.47949321152833
-1.81642447751702	1.16727517705353
-4.05160990304265	2.11028719170986
-1.10980075232654	0.6228814129193
0.356136946349813	0.147703087587103
-1.35846590425197	0.677389438572978
-1.41637449058396	0.978496641220294
-0.149684535119156	0.0560467708729801
-3.36834341896617	1.47636636752499
-3.92367926843056	1.99345307563243
-2.21700246263176	1.16515371601878
-4.15676475486207	2.2039449050647
-1.06850864607045	0.57738456037363
-4.25477815516638	2.29143765826508
-2.11412630333467	1.06387337982225
-1.39218884984795	0.517361767954646
-1.60709099503664	0.906541563227695
-2.22137300137377	1.16922931533032
-1.67647833120894	0.697650135674115
-0.637790951594687	0.221153348301471
-1.06459837543611	0.574861509268158
-2.00789048977659	1.4719957628199
-3.89265722841456	1.9727659085507
-2.16313769412876	1.75245164213372
-1.85678679240785	0.836458255436165
0.0043173618334622	0.00118323947548647
-1.44866827015961	0.751500247353967
-2.30066287387679	1.25046812605487
-2.45150268980508	1.41483267956228
-1.11997600844358	0.631940404901324
-0.0849473406990806	0.0354183484059763
-3.07139247283292	1.23058533678423
-2.02296545852512	0.975996096221787
-1.06079889831805	0.341092805238213
-0.011590511822191	0.00467298344514787
-2.30639684444369	1.25480393035187
-0.473193688102473	0.182189973698492
0.366824194367788	0.152624064457575
-1.37754856371572	0.687749104686422
-4.45623584080057	2.46849017844375
-0.894509977293814	0.436662409157685
-1.17325127439065	0.529576087493112
-1.54764330137485	0.840884263501134
-3.3588196552632	1.47115485552605
-1.66587808655334	0.976540230220733
-0.126761952255491	0.0474745236000027
-0.372234349305939	0.157470665090573
-1.39581393802879	0.701555228503546
-1.73155999347343	1.05974907643563
-1.7951270849183	1.14406036794565
-0.371807162944699	0.157576390372927
-1.25563466136713	0.596819821784872
-0.640899162094276	0.222116615711427
-0.247439059476487	0.0989308703517246
-4.60852581135982	2.66416273563985
-2.13466104095075	1.08096489285464
-2.2976719596477	1.24586365107735
-0.80432060865229	0.372861459626629
-1.8693851596836	0.842967216243491
-0.110358222706802	0.0454885858220153
0.240634184354492	0.0753868702850678
-1.58084077030094	0.885082701299013
-2.46414993171284	1.42191061199461
-1.36682167200416	0.680656530929501
-1.66500327097489	0.975953457657213
-4.25265659713447	2.2898268986172
-1.35630069548688	0.675530459789154
-4.36680659507343	2.37869643841977
-2.01141148068689	0.966876987177028
-2.7893349444631	1.94366012954875
-0.61980910686889	0.21438234201855
-2.3084903166505	1.24946325390297
-1.43525715367311	0.743746840723394
-1.93247618455847	1.34755825157118
-2.44314013404904	1.40589319754272
-1.2570368739678	0.597488741442361
-0.70308878384805	0.308136992671942
-3.93802021701788	2.00038542389356
-2.60101905414304	1.61126225479493
-0.847205246187302	0.327769020292819
-0.549089241828292	0.262040047121441
-1.40664072061403	0.523833363794703
-1.05947814393474	0.340342479682109
-0.799098654427763	0.369067361701128
-0.822531418562993	0.381347795637393
-3.77148258786531	1.85091650653884
-3.76435071821073	1.84387401644754
-1.44953385795968	0.753246495841743
-2.29202828883495	1.24079034797245
-2.37406670060094	1.32468565806334
-0.712510030314374	0.313309597751815
-0.364408928543274	0.154698362097601
-0.290075627607353	0.101951043363905
-2.44611202639064	1.40745069939296
-0.0202196241878748	0.00696445737133549
-0.850043292931145	0.503718669877846
-0.585349462327768	0.242184952749233
-0.694210876458894	0.304567818835113
-2.55786345167298	1.56565004649774
-2.72255744124352	0.967650203505477
-0.684232358164986	0.299007954196187
-0.647237617263506	0.22380869769624
-4.26313966820906	2.29327567420988
-2.29425517760523	1.24598795160203
0.510821363056636	0.217394215782579
-0.561074719780954	0.146672057200803
-3.08884603829221	1.23975794982067
-3.9018934008868	1.98052125261528
-3.92665118302539	1.99775476855112
0.168304518800167	0.0592874846253156
-0.305997885565342	0.10783435040714
-2.20227737025297	1.15324722913367
-3.58335665918076	1.67518681458622
-1.37646424464511	0.689758464947514
-0.311156779659389	0.0923095751831279
-3.07640864801309	1.23288383031758
0.00360414344790313	0.000786541737274489
0.108777779732526	0.042740046486398
0.540504020141224	0.231705159513978
-1.49333673306087	1.08793274742783
-0.801523465368117	0.370961620104352
-2.37896586060482	1.32976070938343
-2.00060545557446	0.960798870210444
-2.30407085168608	1.25325280296761
-1.67790955326128	0.988034009577534
-0.804802638963314	0.372651996820541
-0.0344667576828932	0.0152972003531078
0.294682994678226	0.13451121131695
-4.05687066153325	2.10678597975122
-4.34803806897913	2.37126879619767
-4.06402241288282	2.11148842533555
-0.807646878590202	0.459786416229256
-1.43465679397917	0.743609351963693
-0.54730028966919	0.309306183142239
-0.454924598416325	0.204247348734232
-0.526436891570584	0.249266082922016
-2.43455308721519	1.39823885973737
-1.08041384890688	0.58618256189755
-0.602684854525791	0.250239871866686
-3.06897785736661	2.57447093412473
-0.62405472042891	0.31448742667343
0.752729895494301	0.463175508223846
-0.500409825560506	0.270483404960194
-1.88855191504005	1.27274178723777
-2.57086993748709	1.57952075203687
-1.593407384676	0.895354843614103
-0.476542515948278	0.215440149524521
-2.69906930636594	1.78664731662129
-1.25688009138168	0.781017410865488
-2.70586409134541	0.958513971894066
0.162283157879301	0.0571084083479828
-2.00754222979186	1.46910432868699
0.105822710903575	0.0415878458861154
-1.43828491664909	0.745321893362788
-0.109571865216787	0.0453152997214738
-0.626700642578339	0.315817108986132
-1.18036930592175	0.695944240220668
-4.52080277675506	2.54629604674506
-0.125620239986987	0.0518677426191631
-1.0349152842375	0.437979365409546
-0.864891176657317	0.515466741900336
-1.74382645611628	1.07164040917996
-1.67790955326128	0.988034009577534
-2.0561142546242	1.56374163310862
-1.13127770329857	0.639793990678284
-0.880602591321019	0.428303583617656
-2.14362556821536	1.08387633289846
-2.01188784075079	1.4435219173063
-0.228545272015428	0.101348565824266
-0.966399210936367	0.493248953647043
-0.794705000775044	0.368176276944322
-2.35733377244258	1.31389539733545
-0.591638109014673	0.341869735673233
0.105887564143808	0.0416031429569101
-2.49799731536327	1.47966602684135
-2.29134075322237	1.2418351298341
-2.50939842252098	1.49152759397689
-0.96118184300628	0.49034884270897
-2.13349290166678	1.07707127101671
-0.0456597738446087	0.0199629278455925
2.29469309462986	1.54558980023337
-1.66454996976821	0.691151427450374
-2.29125578126009	1.24110151058289
-2.50345252082628	1.48600704042629
-1.27617411467323	0.797025083789693
-1.32141365353115	1.07937323287116
-0.433458114863901	0.19395034031692
-4.4281539131995	2.45219621018764
-3.57224560228792	1.66788835769117
-1.59209529597317	0.895096868193005
-0.2302687403619	0.130270887888597
-0.856112958238069	0.605498676610327
0.208921852877053	0.0844923830019289
-1.18456232130981	0.699073272823673
-2.09340942842677	1.62059811019939
-1.52001139888946	0.820562884411632
-2.7126324053939	1.80494531307622
-1.04312612227674	0.442009536355193
-1.18295367391791	0.876662960988158
-0.880348403232745	0.427168109358748
-1.63427494524912	0.9285803398327
-0.374577554993236	0.159348472044063
-0.294085600751134	0.0875804248732261
-0.31004362571058	0.0920129329993573
-2.1181090953931	1.06686075072771
-1.04979403857943	0.850498052852763
-1.74956873909905	1.07767736877119
-2.12410112097832	1.07203857541698
-1.51345646622131	1.10904051129577
-4.25052690205315	2.2880944108349
-4.05038082795765	2.1055872639963
-2.03218569815275	0.9802966721164
-1.05876416989207	0.340526798435442
-0.0599891416129555	0.0193604238872106
-3.36834341896617	1.47636636752499
-0.465909699909342	0.178878130933245
-0.879406969451695	0.342041104771674
-1.93623058214057	1.35355445633512
-0.307781601616542	0.108226431243365
-1.17874934787813	0.534132334014962
-0.589177073932977	0.242757881436123
-4.68935394905474	2.78970693874144
-0.00651874386389773	0.00248426811457024
-1.45625554140428	0.757729046623106
-1.15756867889186	0.520010187000751
-1.28387369527102	0.611951347929597
-1.23987633384806	0.763106236032411
-1.66891168189694	0.979963845464628
-3.92238034166092	1.9906206706723
-1.54868321045583	0.842885352316711
-1.60384757477801	1.26327644567045
-1.45877567530042	0.760280797375619
-1.44864562771363	0.752693478932711
-0.608692772973046	0.253315181211891
-2.76553805775101	1.90532411425017
-1.5415436344439	1.16113671587539
-1.03530785793447	0.553951951976726
-1.59494799232702	0.896659035194472
-1.67026306652413	0.693835364492808
-1.86193622592996	0.840039704747625
-1.45551306033889	0.758368031051694
-1.86449010635114	0.842363905717649
-2.20910320406789	1.15766174591288
-1.43889109660394	0.746089705159929
-0.142467425665206	0.0534007560107021
-3.92830266732423	1.99698843341503
-1.53201106573686	0.830852854505295
-0.452618219682625	0.174480616675817
0.157581581108027	0.0426992641424185
-1.02379903917714	0.545572076791391
-1.40560598461579	0.523218840236611
-2.22124197873033	1.16541499777314
-3.60119172008344	1.68614743125128
-1.35967541825777	0.677947159233993
-1.68791883941647	0.70336196132133
-0.590637483399491	0.244298382293319
-1.47869512799523	0.773383779705059
-3.60021689403065	1.68499511630741
-3.37523576836589	1.48072578340801
-3.78302344030834	1.85744021497107
-1.77253926394104	1.09894015100289
-4.06173222543462	2.11518700600053
-1.87664709772939	0.846674086709341
-1.66552976019958	0.69183410434208
-1.41566993597402	0.527490945156496
0.170706119580964	0.0456683037681393
-0.872653129067859	0.423410708706149
-1.51921672500899	1.11936733888154
-0.567585807840995	0.148008276225078
-0.144544650012664	0.0598783914654856
-2.45083232616948	1.41208997815588
-2.13349290166678	1.07707127101671
-1.51535599343905	0.817259278067596
-1.36667748433278	0.683432899054102
-0.641825080863956	0.387154465116689
-4.05160990304265	2.11028719170986
-2.20452069372124	0.676749531450116
-0.258088850404046	0.103347464916447
-1.44602645024768	0.753132498212015
-0.864381804338068	0.335734250586124
-0.991746562109012	0.51011667472779
-1.03260617249174	0.551916124394543
-1.85921269799634	0.837580712489347
-1.05329634176266	0.566661816231614
-2.0729623583575	1.56474199876154
0.96742170451499	0.550626294706205
-0.651317521433407	0.394706003496532
-0.656025684620652	0.333591390708939
-1.1126747462329	0.626050773152552
-2.69742047364421	0.954793958704405
-1.85726954368276	0.837468682423907
-0.805076388619354	0.374006268841745
0.290175302359562	0.162093856867852
-0.0164381548465284	0.00528209613697803
0.208130289751052	0.0445612068776082
-1.67973723018055	0.699026054779453
-3.7610418482951	1.8433192178406
-3.93622656369623	2.00117913222588
-0.705373834691973	0.310871041135836
-2.01844112246783	0.97315371759549
-2.13163662101199	1.0754546632145
-1.51821268739309	0.819828310439903
-2.21581699567367	1.16321748057463
-2.61169782419827	1.65079408210247
-1.17377696457762	0.529841657160678
-1.37691769683573	0.689600565875951
-0.810108964607684	0.376266959744446
-1.53925098247122	0.835773881487716
-1.03897689696525	0.440354514199836
-4.17471615168301	2.21486012868302
-1.17317046361058	0.689116107423021
-3.08667958423354	2.60788173364844
-1.61287387501921	0.911482699713367
-1.44056151240767	0.748912317090173
-2.15456622025205	1.09015910146997
-0.898011237309831	0.544437402153229
-0.783712718652859	0.442072888631387
-1.13132129862711	0.640271408463665
-2.72695912704051	1.82366112953017
-0.340930691046944	0.14370707131603
-0.449382138784547	0.173121351731868
-0.470974809711508	0.251504433296384
-2.37557778904107	1.325980287156
-0.435224644763032	0.194690610349452
-3.38387758170305	1.48488291747877
-1.19618226911385	0.543852161589212
-2.63761564406471	1.68140561346811
-1.16406442439091	0.52641484080559
0.335811162009294	0.138715283332264
-0.798753487806122	0.539064882308071
0.225434019524157	0.0912867407688702
0.270030154369903	0.136355256649988
0.00213851679393372	0.00012617576262677
-1.55342022903233	0.846278891447253
-0.713093313489104	0.313995875131707
-3.9220115620865	1.99445780561869
-0.287729404788462	0.101389393463149
-1.67561012061475	0.985985307720921
-1.382987459595	0.690273313755873
-1.40535664263192	0.523201833324806
-2.13179594876809	1.07523182018254
-3.93467397147806	1.99923009641779
-1.69426981266162	0.705305249538083
-2.45084679213124	1.41442712176962
-1.41207326416357	0.974901401204232
-1.60917856313009	1.27059142014332
-0.472133969458518	0.180845101423502
-0.873056442673808	0.523035805316055
-1.68541751003764	1.39365665291838
-0.550449672721227	0.262658400476562
-0.900991698408497	0.546535843135076
-0.201398307692136	0.0890025244566261
-1.43655980039901	0.745264354162807
-1.88055545426065	1.26481590742845
-1.81163471389004	1.16228584855502
-4.28468180530365	2.30179912141672
-1.59535641201228	0.896733253173062
-1.66830882718381	0.979335462986219
-2.84571903578749	2.05606781665752
-1.36473575670371	0.679932435838321
-2.37400567384996	1.32470803219294
-4.34545178659192	2.36880179109443
-0.00409913757916397	0.00123677954548314
-4.51618272575192	2.54521143394699
-1.54133439789331	0.837956066448704
-1.26894985462322	0.790237762285558
-2.02299977045794	0.976065827581751
0.344974290799172	0.127309269949919
0.276923141236689	0.127055977780151
-0.12163628500445	0.0504525158266554
-0.792832394274044	0.367180722892702
-1.28349940412934	0.614548659445596
-4.1788795272079	2.21291840788943
0.241529253310543	0.0974875882170684
-4.05416536677269	2.10898518153616
-1.64822356200272	0.940391736462692
0.00587947506416863	0.00188775760320132
-4.04306425799613	2.10816451036138
-1.04309752000952	0.559114731982624
-3.94573723211619	2.00476280357158
-1.18052605625691	0.534294793162215
-1.20557694447594	0.547599617032211
-1.19028293870472	0.540562219063122
-0.997389847052663	0.512981640415768
-1.55713736127033	1.48823026592961
-2.44823418869501	1.40993655142022
-2.43189241077572	1.39665245554378
-4.82137085512647	3.04026677657125
0.144706532663459	0.0510405433102493
-1.5180360134464	0.82076644041734
-0.901971233060906	0.660987944949758
-1.15858475435913	0.522960376734215
-2.01404521528557	1.48438681759801
-1.94560975508125	1.90200503596587
-2.74570720718116	1.84170421671301
-1.87019744948084	1.24994833128934
-1.4635105616513	0.763802210849835
-0.796691062675822	0.368557133597586
-1.44242409723824	0.748916116846685
-0.594520344068656	0.391003007238511
-1.69426981266162	0.705305249538083
-0.69324537112834	0.304418166492022
-0.575854087552626	0.237454680626592
-2.00760247100349	1.47281323890626
-2.23031922832179	1.16968574788846
-1.66671869759795	0.977966415914954
-1.84188030534642	0.828586869594206
-0.851683792101146	0.330076596024557
-0.134819041047989	0.055753285025422
-1.41220625546664	0.526192773105596
-1.04237097733563	0.558579341393327
-0.965339579792966	0.614295183850508
0.351449069320962	0.129649662113374
-1.86106031555896	0.839921305063987
-1.43331733718166	0.535250614203276
-1.26109134538956	0.600221558806697
-1.05179671683125	0.565586041762982
-3.9018934008868	1.98052125261528
-1.45179963713946	0.755619412956682
-1.36550196005431	0.680479663604054
0.359856467053861	0.132650181959791
-0.973082839960452	0.497255714453047
-0.528463917162856	0.250627451525152
-1.85591143065397	0.837018121432057
-0.319733235794329	0.0945678683830086
-2.44977858856556	1.41258575529814
-2.04194925446549	1.54256934582688
-1.77687442916919	1.10340970766223
-2.4921361898674	1.47434914880565
-1.60962347052435	0.908724021082494
-0.0208932661814909	0.00960248003718251
-0.242958508758503	0.0970533527123233
-2.76316364478579	1.9026600453134
-1.5434360871481	1.16742261113736
0.342340676594922	0.126096556730708
-2.75646544473349	1.89278354615632
-2.75668978197951	1.88722219710195
-0.497253144787497	0.269111299928627
-1.64370576763277	1.3198102005615
-4.28852269223157	2.30126069173546
-2.2976719596477	1.24586365107735
-0.65003930525253	0.330404550146593
-0.912514946052181	0.56739505757932
-1.40941124855841	0.970748952344729
-2.37917357991116	1.32826950612709
-1.35138276804844	0.672354928993926
-0.875560281464373	0.424470168550911
-2.37937380938979	1.32864169699551
-3.91737869661859	1.99098603502328
-1.79779787835338	1.1466446604989
1.75825770118544	0.944360775073545
0.106496960913072	0.0418296943354007
-1.0561812178701	0.568772897824395
-2.46195183936375	1.42303068580115
-4.25052690205315	2.2880944108349
-2.21854715674269	1.1671563606308
-1.544104839511	0.837736320209341
0.646431125922283	0.216116751996155
0.148329262827567	0.0658048179841744
-0.875241267734918	0.339853215941177
-1.29768790136297	0.620541868613034
-2.42919213239485	1.3944460805655
-0.86623399740713	0.335839414571421
-0.906100597240537	0.442966406334202
0.182273477751123	0.0405997709363184
-1.42481399402057	0.530982496988981
0.172283947568471	0.060661686507726
0.271664849716641	0.151322273055766
-3.30253716032768	3.15182078595015
-2.43391700367239	1.3982475573046
-2.66276642407965	1.70996262511777
-2.8128817158601	2.00770567301996
-2.23620742383205	1.17740120537154
-0.707793990995627	0.377960063532896
-2.58532122889804	1.59491531032839
-1.15857367666574	0.848738007341962
-2.37804571533001	1.33150062144617
-4.75851496985392	2.91446109118195
-0.388716935573654	0.19513137447654
-2.00477309546433	0.963885182334785
-1.18513409193256	0.880708207357406
0.172423154217204	0.0768142909963119
-2.30639684444369	1.25480393035187
-1.18071367818309	0.533031826930451
-0.377006396015733	0.160441745365236
-0.703180233105973	0.374246052259066
-1.62424580441277	0.920802872628001
-1.86478353888801	0.842725053145115
-1.3986742977468	0.959019009287786
-1.16896371259868	0.527790208494436
-1.14980671597103	0.828210014913358
-0.643205371338867	0.326118275349065
-1.84673778173969	0.831130702727852
-1.41706603925185	0.980475159889584
-2.02754093097772	0.978208105922418
-0.603190356461905	0.250853737608671
-2.42843160450566	1.39420857799242
0.350797156632957	0.162591519401166
0.919325531310719	0.633964175385268
-1.88718892029475	0.854236539835172
-0.554009631260321	0.145198449870715
-0.889912607552985	0.433564962758766
-4.04475415648537	2.10473027624332
-0.470790169882316	0.212556097091379
-1.51360102546449	0.816723901878977
-1.7302869633023	1.0574449935866
-2.12393971851044	1.0706744507857
-1.50611901534394	1.10141391880106
-0.602684854525791	0.250239871866686
0.204687705519597	0.0825879230860911
-2.59304613721455	1.6032237253791
-2.4308417374737	1.39526724230194
-0.268799310865774	0.107053986018959
-0.932448243158732	0.583690216835656
-5.01478156234244	3.50730557648118
-1.799280175025	1.15034051731956
-0.288786578559332	0.153986364452881
-2.03015508784955	0.977238100540419
-2.14894815325826	1.08328296098762
-1.41808983667643	0.980185003382228
-1.94802033238653	1.36981499647928
-1.79330656004394	1.14424815882814
-0.398180025118638	0.20068611685102
-4.57808469773104	2.63235140629848
-0.289480669316559	0.136010201732171
-0.248744156157773	0.0987755475851984
-0.366891640273497	0.156144019447042
-0.867494153176237	0.518349582897853
-1.8540725382452	1.23030826663941
-1.80544974981072	1.15561569235995
-4.53356759996074	2.55758072138931
-2.95184359456939	2.3014322863448
-0.970322921658879	0.495232667232634
-3.59555613615216	1.68300555028358
-1.11055472962785	0.623955954627991
-1.06213358377145	0.722127526878437
-1.32937436823428	0.866220654085081
-1.71278408241896	1.01872904680729
-3.36435284168057	1.47449237009507
-4.3899491001952	2.39218471307615
-1.51201058018661	0.814618168534917
-0.563224434073156	0.1470595732283
-4.03766575115594	2.10184118405813
-0.242756794673047	0.0967710894390406
-0.589177073932977	0.242757881436123
-0.843844666305801	0.3263902004578
-1.03414441762606	0.436967498271171
-0.505614572600767	0.230181744240744
-1.16144661742976	0.52371349790718
-0.971931622017095	0.496170367818514
-0.707343387061108	0.311127353618122
-2.21183244102011	1.15967441993967
-1.67962366659424	0.698819855190809
-1.40114272103779	0.521328531307491
-0.848514103375446	0.32822501838713
-2.20910320406789	1.15766174591288
-2.00991745702082	0.966355854843956
0.208130289751052	0.0445612068776082
-2.31721595032599	1.26059077051579
-1.36615545403847	0.683058036324449
-1.42336384309457	0.531065517704682
0.185318321206265	0.0489335087463581
-1.43947725844204	0.748101666254656
-3.75483041596329	1.83978695406157
-4.36865903948991	2.37640259088623
-1.00291775863539	0.662758866840747
-2.22681388290303	1.1672610265698
-4.28211627693381	2.30173198922398
-1.19001629468324	0.704179731490585
-0.697949644216353	0.370731299810399
-1.87186966402512	0.844609246212631
-1.34152862914759	0.879575037127175
-1.87928266304518	0.847968014193821
-1.70595450553488	1.42448859760462
-4.16264127667424	2.20885095484985
-2.23352960687295	1.17542114282884
-1.4573039609481	0.759279989988732
-1.8545039424069	0.836686070456027
-4.04306425799613	2.10816451036138
-0.793771728219969	0.367020059270464
0.280967653138053	0.127790331090773
-2.70179194307149	1.79057302890596
-0.906730501976674	0.442643060853778
-2.36279429358693	1.31776420731063
-2.21857279100537	1.1635867234512
-1.06236430297326	0.57305910350783
-2.23485848447751	1.17030551812103
-2.36465715768242	1.31905115820056
-3.76003847317566	1.84356062716315
-3.91737869661859	1.99098603502328
-2.21955732336467	1.16184056930333
-2.21183244102011	1.15967441993967
-1.39771197883631	0.519898839391122
1.75396464978124	0.730590510503128
-1.85678839455874	0.83710658213153
-0.703651804886154	0.374674174776847
-0.584670847894012	0.241396721068425
-1.87573016899006	0.846639122956836
0.367154345386832	0.209318790768079
-1.87480779952605	0.848362983056084
-0.590243918042214	0.244432639227557
-0.0270516960110326	0.00889984001571679
-0.0572241898589614	0.0185026088133568
-3.60789751678151	1.68983130574975
-1.18507540354296	0.538238276704725
-3.37392983582167	1.47949321152833
-2.11959969648258	1.06712341075927
-2.12236908463007	1.0686188578278
-2.23497902248273	1.16994609949143
-3.58335665918076	1.67518681458622
-0.269331324838015	0.107063298842824
-3.93129755662823	2.00065272884047
-1.41003130586787	0.525097915760639
-4.16893670717875	2.21129089940725
-3.60789751678151	1.68983130574975
-2.85419000635003	2.07131850197982
-0.818557484762178	0.381500286652107
-4.26313966820906	2.29327567420988
-1.68298408369035	0.992306501530655
-0.599379688869685	0.247382907740507
-1.46556636079729	0.39889055417079
-0.619684656769187	0.214410448648317
-4.34931687780832	2.37232872416024
-2.21207412583489	1.855672100502
-0.689335840399848	0.364690465189208
-4.04779504756951	2.10716485544102
-3.09113915148148	1.2417518149532
-0.549588025379477	0.144138904810768
0.163508956262119	0.044048271796309
-3.91275258916074	1.98737442494256
-0.28742178920352	0.0857832079305612
-1.67986238227122	0.698836595598266
-4.59005013740506	2.64362191818432
-1.18013355109165	0.534056112634849
-1.35346399583563	0.674321646611729
-3.93954362816094	2.00052226395122
-0.581820977107274	0.239390920458936
-2.28939476303607	1.23970453083727
-2.36468439064577	1.31881363052979
-2.3586220833337	1.31467826942616
-2.22813057982985	1.17355283631156
-3.59555613615216	1.68300555028358
-2.52849786624132	1.507874385862
-1.4480452837319	0.752233921917209
-3.35727860837058	1.46969064308611
-0.805972006130785	0.374173613925485
-0.709375977927455	0.310813020384163
-1.89498468641595	0.858030371821199
-2.24665727974455	1.18196336429048
-1.41225084227217	0.526212234537498
-2.11998288139766	1.06742628712601
-0.707402273908827	0.311137750776405
-0.161847780069674	0.0600678856582972
-0.293259904626257	0.102542866134455
-4.25265659713447	2.2898268986172
-1.4462387146757	0.751031086875956
2.90827841061733	1.14708003600027
-2.2171754762449	1.16316993203655
-1.04370181840318	0.442057004321112
-1.16414004418647	0.525230301613283
-2.12543651242671	1.06985713060787
-1.6940792113496	0.70593320619324
-3.40241335965526	1.49431068822963
-1.27622764442278	0.609721076045457
-3.77148258786531	1.85091650653884
-1.07003629968531	0.454097988425067
-3.36435284168057	1.47449237009507
-1.64232791652634	0.935064841236448
-1.50904640277942	0.813511838890371
-2.38188268477269	1.33119363297963
-4.06929585886399	2.12036110532691
-1.35850508287148	0.676159474128539
-3.75483041596329	1.83978695406157
-0.587034628182612	0.24229510982642
-1.06251512456528	0.573325996574719
-4.36120113841805	2.37843133436668
0.0882274220794147	0.038140208125024
-0.962523935694561	0.490983030811848
-0.742058304040738	0.401300183645273
-4.06812755121219	2.11694928817995
-2.13147959253435	1.07772273012156
-2.2310750478927	1.17140233430748
-0.307819054596212	0.0914527699091275
-2.2234413202362	1.16662764656949
-2.00539888757949	0.963793316660815
-1.80056090545903	1.15147530191194
-3.77479524591156	1.85147543373819
-2.0054207593741	0.963547752147917
-2.38548606406145	1.33296938537717
-1.65017220090789	0.962812275067514
-0.243988628492558	0.0966448844198068
-1.16502714121311	0.526367477308459
-4.26109374732629	2.29157323233769
-1.85563347197228	0.836665328225468
-1.86592910196544	0.842628999385783
-4.28020142129962	2.30005903504176
-1.16193768983232	0.524469662052362
-3.59457107507717	1.68111145167334
-0.448996511880671	0.173029447123535
-1.87056748838707	0.843645996969165
-3.94573723211619	2.00476280357158
-0.0245105051103832	0.00782885491510213
-3.09628873485173	1.24398931852427
0.496412446236429	0.211429394097603
-2.36279429358693	1.31776420731063
-1.58483295091099	0.887804466361297
-1.02561028844483	0.433368144071861
-0.863864480624225	0.335227274758579
-3.36435284168057	1.47449237009507
-1.59891991618095	0.900782070624362
-3.06142327849064	1.22511692748265
-2.28884585046841	1.24044219476433
-1.37691769683573	0.689600565875951
-4.52875915390479	2.55543083923938
-2.70586409134541	0.958513971894066
-1.86687036452933	0.842390384364457
-3.7610418482951	1.8433192178406
-3.76625586484615	1.84719476932436
-0.876435917588865	0.340497318480006
-0.571538969396222	0.149182553096798
-4.54938479745001	2.57136242124841
-2.38386612934468	1.33573451477667
-2.23444943685237	1.1684457361337
-2.00487632331829	0.964752716253326
-3.5982007830996	1.68176139422875
-0.873743975731163	0.339197263963372
-1.74897732259665	1.07678972525995
-1.99639180899768	0.958146422823188
-1.19173111708597	0.7066965473471
-1.6907922223549	0.999486451015643
-1.28360256553184	0.613370521562686
-2.5616574829274	1.56905707274386
0.11109244875584	0.0434366862540485
-1.05069511840596	0.56428126395588
-1.17912922624799	0.534902097457651
-4.73616672870269	2.88229047607004
-4.28020142129962	2.30005903504176
-4.05304687752625	2.11383093298491
-1.29931328349535	0.820248192713313
-1.2800286971336	0.801676795825706
0.355488569422972	0.130848742974932
-1.1642514355783	0.526104700276117
-0.290673886968151	0.0866343139460244
-4.71189406106403	2.81382629598699
-0.146984342132934	0.0548682894006624
-1.85699513459518	0.837240187358681
-3.60127123814558	1.6840756316343
0.213055442536834	0.0674913120547697
-1.05874549579791	0.340517355461754
-1.6590858674493	0.688456873864247
-1.26969554747592	0.605348762954706
-1.06571078364523	0.452890757871662
-1.02512213097864	0.432820738788104
-0.631156989777989	0.218262931072469
-0.251756603491182	0.112025884330374
-0.172683116832769	0.0648209540540761
-4.14691912789519	2.20148955739255
-2.49780814875337	1.48073050218961
-2.00487632331829	0.964752716253326
-3.91275258916074	1.98737442494256
-1.41566993597402	0.527490945156496
-2.36527635669028	1.31936942280636
-2.46002031686703	1.41912520384281
-1.67036381025619	0.694164754755505
-3.59095515074261	1.67909350456478
-1.40006092344507	0.520919163563197
-3.3795395456569	1.48225028610026
-0.283762323706892	0.0999527922116239
-4.60225794720377	2.65897000966095
-3.35179502452106	1.46653269137331
-1.60982000076088	0.909407988626397
-0.47029079499865	0.181842227267725
-0.0574441194174058	0.0185661946487514
-2.6431466922817	1.68981888230284
-0.635215271917585	0.220149282073408
-0.672664719299494	0.293638661874043
-2.20774410875569	0.677401665515386
-2.22077988756304	1.16502230508041
-1.42987043721697	0.533700849096348
-4.37404636882362	2.38252728076556
-4.26794699740951	2.29037963960386
-4.25631619798596	2.28974720991328
-2.21137850406958	1.15928947354749
-1.6589061622624	0.970553894744517
-3.94112685925898	2.00126509008561
-4.18790076164787	2.21853128611024
-0.860669179057129	0.334047825923664
-1.03625326495273	0.437377625958105
-1.76999990109948	1.0973003034175
-0.292525090541359	0.0871954283390263
-1.70895363941805	0.713058576847098
-3.6326465454478	1.70187301015091
-0.578787881197751	0.238841617746616
-2.64809995192484	1.69451102521558
-0.316498184156581	0.11162906489739
-0.307774197479135	0.0913628677098564
-1.27337209302089	0.606187269911455
1.40194488472296	0.65198011685179
-3.09310721196898	1.24196342228642
-0.631374629940067	0.218047367237741
-2.11347393418712	1.06522143173278
-1.44536653187692	0.540139400827469
-2.20452069372124	0.676749531450116
-3.91275258916074	1.98737442494256
1.72402871819241	0.513373825324747
-3.76435071821073	1.84387401644754
-2.365665234657	1.31952740266533
-1.41779487431253	0.528409680263138
-3.35179502452106	1.46653269137331
0.235044654140909	0.0739085378599211
-0.55888165037327	0.146019049191659
-1.99639180899768	0.958146422823188
-4.03143748484405	2.09902385302381
-3.08601159633868	1.23887459802837
-1.88448396886121	0.852062830312478
-2.42313452357356	1.38956686272294
-0.878873217813587	0.341078624425022
-0.668996541438765	0.341625360783272
-2.01141148068689	0.966876987177028
-2.00724526410276	0.963784648992604
-0.367444493891353	0.156260141654641
0.747523057572246	0.32942732311949
-2.36990450963694	1.32067373668014
-0.720925533330955	0.317806514461723
-0.552335012199188	0.144678456612124
-3.6115685158632	1.69189087106245
-0.575959266308268	0.150202913360021
-2.00705263024316	0.96462161806805
-1.1680299928582	0.526742293432917
-3.94139013946879	2.00052434630377
-1.4056376880237	0.523231466165592
-3.60223015168946	1.68659358699125
-1.46556636079729	0.39889055417079
-3.37144966852217	1.47840697258147
-3.07139247283292	1.23058533678423
-4.33812922228303	2.36711681280194
-1.67036381025619	0.694164754755505
0.117942216745085	0.0459481875678682
-2.24594640396263	1.93168334792839
-0.595386615920673	0.245772976344569
-3.95686958501176	2.00986852391971
-3.37144966852217	1.47840697258147
-2.31449130271443	1.25480671241058
-1.5946432131311	0.896316431326718
-4.65060283474942	2.70433790914468
-0.470752597336453	0.180923996599175
-1.17545744168294	0.532940224721612
-2.29425517760523	1.24598795160203
-0.257097486314627	0.102275381797271
-2.45977320593635	1.42107938218498
-0.569438551601303	0.148859249648682
0.237822816678334	0.0959271456761433
-1.18185456112511	0.696820978678289
-3.36278475028729	1.47266941574144
-4.4281539131995	2.45219621018764
-3.36834341896617	1.47636636752499
-0.270765547099381	0.0956066642093444
-3.07868138305069	1.23522198167588
-2.31752597091741	1.25609280495424
-1.15428267242185	0.519779285463383
-3.08287457001156	1.23738928091231
-1.36704187094519	0.683370632974299
-1.84673778173969	0.831130702727852
-4.15296481730111	2.20609795341784
-0.571538969396222	0.149182553096798
-2.11714163050211	1.06771340651094
-2.63313640603034	1.67750378018424
-0.591660537051156	0.244450543544848
-3.08375289604109	1.23769189540263
-1.67090245342283	0.69488094514333
-4.98284561465852	3.4020018866763
-1.59027852705715	0.893799890867625
-2.64999949601128	1.69652469728727
-2.28690651227937	1.23894474570437
-2.43272734133103	1.39810314418662
-1.41587635029561	0.527553080906067
-1.16961930066449	0.528697323849872
-1.27516805968277	0.606994646614509
-3.92830266732423	1.99698843341503
-4.26804771078107	2.29443801664891
-1.75018064868302	1.07690247008042
-3.92367926843056	1.99345307563243
-0.437761849842319	0.195804628114905
-2.53725437957892	1.51727867562914
-0.803457187713657	0.372411000736846
-0.866282431191728	0.419581125880017
-0.585485776416599	0.241442425243013
-0.0553606535497743	0.017896538301323
-3.77148258786531	1.85091650653884
0.145516421792457	0.051379437291991
-0.577865590516445	0.237853860277004
-3.37342846400865	1.47807680388133
-3.37702330182099	1.48164750298755
-4.0506400512506	2.10331104900324
-2.38708863994779	1.33335413053249
-3.07868138305069	1.23522198167588
-1.46433047015964	0.761697277454916
-3.36831359825678	1.47530274455047
-1.86414141167089	0.840530397329388
-2.12171269217075	1.06945242007169
-2.89758962873485	2.17080914290262
-1.02600559256891	0.432641821570809
-1.98293441039336	0.949192478353035
-1.05975101401502	0.571193028203783
-4.37080201352212	2.38179808351288
-2.36497426693485	1.31835073246612
-1.45307517787604	0.756850847568781
-1.04326431362444	0.44219569381945
-2.55736139020737	1.56523347994405
-4.15028392468185	2.20182713515589
-0.637790951594687	0.221153348301471
-3.91141499607675	1.98370351367363
-1.19539887268626	0.709043803997996
-1.05859072613188	0.44825901131167
-2.43850369442837	1.40198730821358
-0.700837884408826	0.308289873463138
-2.13919789385477	1.07877812491166
-0.287008851527303	0.114316589015227
-0.715508206470185	0.382068779999641
-2.37724929313625	1.33123124615803
-3.08375289604109	1.23769189540263
-3.38466043086499	1.4850985114698
-2.02134145627693	0.971644547199439
-1.84565357995499	0.831014844516951
-1.84892237683868	0.831739585206512
-2.00939627818996	0.967707000187225
-2.29623453018914	1.24757545403068
-3.07139247283292	1.23058533678423
-1.65352787363434	0.685632629902248
-3.92698920389821	1.99431347199064
-3.36435284168057	1.47449237009507
-2.2976719596477	1.24586365107735
-1.0513489862808	0.337847138889591
-2.20755858936423	1.1569136303943
-1.18786296758944	0.885112807071596
-1.02171722829763	0.430771999495137
-0.716855450505989	0.384049955212547
-1.88168754960335	1.26373903867739
-0.547970362433965	0.26105220688119
-3.76525925684352	1.84720564289157
-1.68207467374216	0.700280719578585
-2.52090444098054	1.50150753240347
-1.51968109463521	0.819687416577094
-4.03531311638747	2.1021883480757
-1.03821674648291	0.437817750182696
-2.28495900707913	1.23738677325706
-1.06239436904152	0.573203977038272
-2.01392350241387	0.970602129353758
-2.0003038660311	0.960555180797388
-1.61328190379141	0.911950248062267
-0.0770412324672868	0.0239721189108521
-2.47308130007837	1.43106482053083
-0.388885642653214	0.166386108504392
0.0777975146788959	0.0308412363728404
-1.68513067028106	0.701180861938052
0.0516222782330362	0.0223387243850028
-0.467622270377724	0.180385817308086
-2.30225187183864	1.24694181386405
-4.15970590398728	2.20646760101273
0.371727583634246	0.137066756409826
-4.55765207936654	2.57934182374581
-2.45779731412145	1.41430197861554
-2.00761202627323	1.44684249554993
-3.58335665918076	1.67518681458622
-2.37513594376028	1.32931470799544
-1.1703873799023	0.527706742650177
-1.65907172123711	0.971280805527967
-0.783240631296466	0.4403316386646
-2.7579690000782	1.89439393733009
-1.71699405066489	1.04455733160642
-1.73122149847332	1.05896428279287
-4.38575949375026	2.3901422433973
-1.44539040593595	0.752207105237059
-2.69554767250446	1.78279001132976
-2.09497968782898	1.623220203051
-1.45041266660299	0.753734224509233
-0.981204870211971	0.502621668093453
-3.9392942494037	2.00263923668403
-1.83288661490856	1.18706211733887
-2.40536779321169	1.34724677092078
-2.11936869045786	1.06766604072714
-1.0391932855535	0.439860012267613
-2.44945628664513	1.41264746770251
-2.30258254344097	1.25198559018677
-1.16144661742976	0.52371349790718
-1.6759942794535	0.696835994072813
-1.21103510253617	0.721005076052874
-0.36575207803977	0.154671395177292
-1.36017913680803	0.897687096651821
-0.369857721475314	0.157136975889392
0.421286970396795	0.221159074786035
0.180334652339367	0.0478106473797875
-2.13326863884549	1.07471706621348
-1.67413235536114	0.696095219110278
-3.3699089431771	1.47759887690837
-2.21979289525908	1.16736283691429
-1.28637966421667	0.61198711872673
-3.36435284168057	1.47449237009507
-1.52690882559134	0.826646442391784
-1.85726954368276	0.837468682423907
-4.34545178659192	2.36880179109443
-1.55448270002129	0.844002419034423
-0.87326777614504	0.423284455870122
-1.78738440843683	1.13663258316856
-0.566671909873982	0.271746571212768
-1.80056090545903	1.15147530191194
-4.17953494203305	2.21157255453861
-2.49799731536327	1.47966602684135
-0.786965545275465	0.363146016364242
-2.02754093097772	0.978208105922418
-2.21031710909357	1.15908733635121
0.408959622382179	0.191316062243897
-2.22681388290303	1.1672610265698
-1.77946245620838	1.12777839203228
-1.67962366659424	0.698819855190809
-0.274700213464807	0.096770362673022
-4.26604467991835	2.2925568892379
-3.37702330182099	1.48164750298755
-1.54580444370915	0.839767735214372
-4.17487733386855	2.21504844506388
-4.35852965731753	2.37376591190456
-2.45961055843116	1.41790978856826
0.205304778479139	0.0651182170575631
-2.58661665909476	1.59561248401915
-0.47949378034591	0.185229762547708
-1.86222172135037	0.840076516367791
-0.461576169439693	0.176985531847994
-0.077990739644235	0.0245803985947901
-0.707426327733398	0.312063118562252
-0.249457999860853	0.0995827808529259
-0.0116086001008803	0.00381063732453502
-1.36286270236851	0.677788396714059
-2.10991189808398	1.06201553845175
-4.05304687752625	2.11383093298491
-0.868170988566777	0.335889515256934
-1.66475403793915	0.691346158978942
0.530982718447634	0.283799140469128
-2.22124197873033	1.16541499777314
-4.25525762215192	2.28906246294121
-1.05385629892348	0.446193795299728
-2.22219263960078	1.16505895706634
-3.0879799534952	1.23987811411947
-4.14388836659071	2.19900597096196
-1.36646561332452	0.681496535010974
-0.218797170557633	0.110116196282221
-2.3863313618422	1.33344106508789
-4.38152725918672	2.38666555744273
-1.36887354103762	0.684569716553925
0.225371255628945	0.0909251150951535
-1.28642740490791	0.613951220793007
-2.22256843341548	1.16714671395891
-1.84167898638146	0.828457384833151
-1.88594791502393	0.852240605063095
-4.25052690205315	2.2880944108349
-2.36233579620308	1.31833732603281
-1.26875212360161	0.604085407668168
-1.86106031555896	0.839921305063987
-1.27175653807087	0.606687202389997
-4.17182947387613	2.21329788546829
-1.06803950864542	0.343420402348576
-4.04535690851716	2.10812810185728
-2.14910876258367	1.08731158012038
-4.25942459625412	2.29266964216773
-0.809112739104588	0.375956848185922
-2.02296545852512	0.975996096221787
-3.08144606191826	1.23482889549986
-0.862100856211068	0.333410982819844
-1.29444230866197	0.618349834372843
-1.67623209380235	0.696851454808509
-0.971763566118286	0.496469529843967
-0.294136664369745	0.0875951334882074
-1.42203344715552	0.530094923539112
-1.41775409261883	0.528669717214252
-1.46754137571983	0.399241075338394
-0.8695565070843	0.337959741676914
-3.93006019056186	1.99560595892027
-2.00511157319824	0.963584249079176
-1.67932616917459	0.69836846716859
-0.580004714366196	0.151748487118874
-3.57779146077189	1.6716096552128
-3.06142327849064	1.22511692748265
-1.02517322995262	0.432578845148405
-3.36278475028729	1.47266941574144
-2.43289198246701	1.39763354181921
-4.53686231700941	2.56235380930442
-3.07640864801309	1.23288383031758
-1.8696422600211	0.845403659105727
-0.797547385709025	0.368192992789868
-1.04682333669426	0.561961331146185
-3.34089494495661	1.45941892864411
-1.64247249177327	0.679677402818999
-2.63209215556312	1.67638175224892
-1.59169711633732	0.894628340674464
-0.611686539858903	0.306801388483541
-2.20623353940685	1.15675409138197
-0.330640177771573	0.157151887908268
-0.812728911838298	0.46299586608069
-2.00988176509954	0.963845554140257
-0.00556643429949575	0.00233721444143706
-0.733782028905636	0.395034385599559
-0.881015817408253	0.428051405783433
-0.680820943431103	0.297320990030032
-3.78753670657765	1.85806872383072
-1.87830642196215	1.25963556942625
-2.03687408216124	0.981189650996981
-1.38998809316021	0.698427223408404
-0.853456603966057	0.330185883566349
-1.66487133096218	0.691410977349317
-1.1751252091298	0.532186562450363
-0.0702535553969171	0.0222792825909367
-1.19282385362049	0.541374220750035
-1.26868901412083	0.603736522647893
-3.92830266732423	1.99698843341503
-3.59555613615216	1.68300555028358
-2.70937242333718	0.961490597147355
-1.44951521813471	0.752382918426375
-1.29472960672699	0.817074109015254
-0.282559343150603	0.0845547776661205
-1.51280524806215	0.815095536506538
-3.07868138305069	1.23522198167588
-2.018382331015	0.971452260928466
-0.615582006689354	0.21308138531288
-2.31432442723396	1.25778856982204
-1.9039972316943	1.29103547716977
-0.588945976248964	0.243572013708721
-1.1678224524922	0.526968683432057
-0.0650565693058432	0.0208223884656029
-1.53266369116613	0.829916435282543
0.180334652339367	0.0478106473797875
-4.43305814740114	2.45349509687268
-1.86818487699787	1.24822961503233
-2.74600654456283	1.8783916764146
-0.265943602946657	0.106188403881474
-1.4375369998008	0.745954471952942
-0.0140941044410076	0.00479722041273013
-1.74978191981009	1.07687346207361
-1.53853811433971	0.833508218759646
-4.07148187963051	2.11783455667745
-0.0839573178039767	0.0260601234564019
-2.65128461920214	1.69808725708791
-0.631523840501387	0.318978975743938
-2.01392350241387	0.970602129353758
-3.3588196552632	1.47115485552605
-4.15970590398728	2.20646760101273
0.0670177547164193	0.0288018787628716
-0.0139347208853231	0.00565738221741346
-0.869031237680884	0.337557187911496
-0.0698118236130951	0.0219858754496303
-1.85678839455874	0.83710658213153
-2.11949469073937	1.07085748137413
-3.91115711718605	1.98773421616791
-3.36435284168057	1.47449237009507
-1.17465416616113	0.532139765311664
-4.34231419154002	2.36913281979921
-4.60852581135982	2.66416273563985
-1.52067378313858	0.820739750922406
-1.54791073396831	0.840803168180987
-0.574675809244795	0.236756089273555
-2.4233318815212	1.3899997078237
-4.37404636882362	2.38252728076556
-1.8545039424069	0.836686070456027
0.664080505869078	0.25531892553221
-4.35393829735792	2.37331702255394
-2.28939476303607	1.23970453083727
-0.255978653340702	0.101853005701832
-2.07059717075987	2.17359906169528
-2.36014120241384	1.31581402012821
-2.30449388032877	1.25343368790243
-1.37260580216429	0.685890582765475
-1.03483207095646	0.4365433001357
-1.18147991670209	0.53364380252425
-2.31332642906969	1.2584043290715
-2.01392393172956	0.970229263166967
-2.11959969648258	1.06712341075927
-2.49731244545713	1.4789629438778
-2.44539235927552	1.40787261657265
-2.1251909807982	1.07329464488766
-0.586304461174092	0.242374824994773
-0.781562049463905	0.360698567636472
-0.824273261037457	0.384481770040398
-1.39771197883631	0.519898839391122
-1.05217044363485	0.446346495285215
-0.716916240188734	0.3161252258044
-1.44540259799304	0.75066823551414
-3.90652181656617	1.98418574759937
-2.28754073670672	1.23865348827253
-1.40006092344507	0.520919163563197
-1.876035282216	0.847801180207206
-1.41089196212682	0.525591327452038
-0.301921006228647	0.106721639527319
-3.60328480717304	1.68604143416801
-1.42888480476091	0.739558220188584
-0.965975670876278	0.492804496548224
-2.22955510947738	1.16595673122519
-4.3838167657626	2.38555536028438
-0.246947317748451	0.0984729890812196
-2.22124197873033	1.16541499777314
-1.51135893361597	0.813752707551132
-2.10980606316615	1.06266635659416
-1.47229686175569	0.767872975214851
0.0199935974776901	0.00685231115837216
-0.95410042570308	0.485140785795244
-1.86478353888801	0.842725053145115
0.347215202610218	0.144124731328925
-1.66519811138789	1.36879362358761
-0.631683750756539	0.218830202820297
-4.27702455867379	2.2988017216093
-1.16772117212957	0.528433678686815
-3.78414665689934	1.85638851906829
-2.22401633029391	1.16563739439986
-1.04764929820861	0.443086980979697
-1.27107131020415	0.606253635440599
-0.46571420638751	0.21008128954404
0.940074397257691	0.530010882601003
-0.618271706697888	0.310672745877579
-3.76003847317566	1.84356062716315
-1.43949690669347	0.746230727678262
-1.04923748026572	0.337110470489464
-1.85935128922171	0.839240301476857
-1.16066576890864	0.52325001646384
-1.26019955673637	0.599172314335062
-1.42336384309457	0.531065517704682
-0.856841474893289	0.332280942743884
-1.62209046562421	0.91827628216599
-0.586744720533039	0.243063485631782
-0.00607801324333724	0.00178130506487185
-0.702837981577674	0.308462056156213
-2.10654777505537	1.63202184183518
-2.21622032763318	1.15964150603443
-1.94091462106718	1.35725442257951
-2.07773036618356	1.59557616012345
-2.23501681705299	1.89340835544128
-1.1353477111184	0.643973396006345
-1.4975366851689	1.09284794835059
-1.05082157748381	0.565077790890704
-0.895003940155006	0.436887288929625
-0.144258105525264	0.0598508549575941
-2.2228224409918	1.87241323147497
-1.94957068469763	1.9102190532117
-0.718155484603421	0.457856918631273
